caseID; gamma0; c0; beta0; btoc0; lnw0; gamma1; c1; beta1; btoc1; lnw1; gamma2; c2; beta2; btoc2; lnw2
0; -3.5; 15.625; -14.75; 0.5; 0; -19; 26.875; -41.5; 0.5; 0; -3.75; 24.6875; -37.5; 0.5; 0
1; -26.0; 15.625; -14.75; 0.5; 0.0; -19.0; 26.875; -41.5; 0.5; 0.0; -3.75; 24.6875; -37.5; 0.5; 0.0
2; -3.5; 11.25; -14.75; 0.5; 0.0; -19.0; 26.875; -41.5; 0.5; 0.0; -3.75; 24.6875; -37.5; 0.5; 0.0
3; -3.5; 20.0; -14.75; 0.5; 0.0; -19.0; 26.875; -41.5; 0.5; 0.0; -3.75; 24.6875; -37.5; 0.5; 0.0
4; -26.0; 20.0; -14.75; 0.5; 0.0; -19.0; 26.875; -41.5; 0.5; 0.0; -3.75; 24.6875; -37.5; 0.5; 0.0
5; -3.5; 20.0; -37.25; 0.5; 0.0; -19.0; 26.875; -41.5; 0.5; 0.0; -3.75; 24.6875; -37.5; 0.5; 0.0
6; -3.5; 20.0; -14.75; 0.3; 0.0; -19.0; 26.875; -41.5; 0.5; 0.0; -3.75; 24.6875; -37.5; 0.5; 0.0
7; -26.0; 20.0; -14.75; 0.3; 0.0; -19.0; 26.875; -41.5; 0.5; 0.0; -3.75; 24.6875; -37.5; 0.5; 0.0
8; -3.5; 15.625; -14.75; 0.3; 0.0; -19.0; 26.875; -41.5; 0.5; 0.0; -3.75; 24.6875; -37.5; 0.5; 0.0
9; -3.5; 20.0; -37.25; 0.3; 0.0; -19.0; 26.875; -41.5; 0.5; 0.0; -3.75; 24.6875; -37.5; 0.5; 0.0
10; -3.5; 20.0; -14.75; 0.3; 0.0; -41.5; 26.875; -41.5; 0.5; 0.0; -3.75; 24.6875; -37.5; 0.5; 0.0
11; -3.5; 20.0; -14.75; 0.3; 0.0; -19.0; 20.0; -41.5; 0.5; 0.0; -3.75; 24.6875; -37.5; 0.5; 0.0
12; -26.0; 20.0; -14.75; 0.3; 0.0; -19.0; 20.0; -41.5; 0.5; 0.0; -3.75; 24.6875; -37.5; 0.5; 0.0
13; -3.5; 15.625; -14.75; 0.3; 0.0; -19.0; 20.0; -41.5; 0.5; 0.0; -3.75; 24.6875; -37.5; 0.5; 0.0
14; -3.5; 20.0; -37.25; 0.3; 0.0; -19.0; 20.0; -41.5; 0.5; 0.0; -3.75; 24.6875; -37.5; 0.5; 0.0
15; -3.5; 20.0; -14.75; 0.5; 0.0; -19.0; 20.0; -41.5; 0.5; 0.0; -3.75; 24.6875; -37.5; 0.5; 0.0
16; -26.0; 20.0; -14.75; 0.5; 0.0; -19.0; 20.0; -41.5; 0.5; 0.0; -3.75; 24.6875; -37.5; 0.5; 0.0
17; -3.5; 15.625; -14.75; 0.5; 0.0; -19.0; 20.0; -41.5; 0.5; 0.0; -3.75; 24.6875; -37.5; 0.5; 0.0
18; -3.5; 20.0; -37.25; 0.5; 0.0; -19.0; 20.0; -41.5; 0.5; 0.0; -3.75; 24.6875; -37.5; 0.5; 0.0
19; -3.5; 20.0; -14.75; 0.7; 0.0; -19.0; 20.0; -41.5; 0.5; 0.0; -3.75; 24.6875; -37.5; 0.5; 0.0
20; -3.5; 20.0; -14.75; 0.5; 0.0; -41.5; 20.0; -41.5; 0.5; 0.0; -3.75; 24.6875; -37.5; 0.5; 0.0
21; -3.5; 20.0; -14.75; 0.5; 0.0; -19.0; 13.125; -41.5; 0.5; 0.0; -3.75; 24.6875; -37.5; 0.5; 0.0
22; -26.0; 20.0; -14.75; 0.5; 0.0; -19.0; 13.125; -41.5; 0.5; 0.0; -3.75; 24.6875; -37.5; 0.5; 0.0
23; -48.5; 20.0; -14.75; 0.5; 0.0; -19.0; 13.125; -41.5; 0.5; 0.0; -3.75; 24.6875; -37.5; 0.5; 0.0
24; -26.0; 15.625; -14.75; 0.5; 0.0; -19.0; 13.125; -41.5; 0.5; 0.0; -3.75; 24.6875; -37.5; 0.5; 0.0
25; -26.0; 20.0; -37.25; 0.5; 0.0; -19.0; 13.125; -41.5; 0.5; 0.0; -3.75; 24.6875; -37.5; 0.5; 0.0
26; -26.0; 20.0; -14.75; 0.3; 0.0; -19.0; 13.125; -41.5; 0.5; 0.0; -3.75; 24.6875; -37.5; 0.5; 0.0
27; -26.0; 20.0; -14.75; 0.3; 0.0; -19.0; 6.25; -41.5; 0.5; 0.0; -3.75; 24.6875; -37.5; 0.5; 0.0
28; -26.0; 20.0; -14.75; 0.3; 0.0; -19.0; 6.25; -64.0; 0.5; 0.0; -3.75; 24.6875; -37.5; 0.5; 0.0
29; -26.0; 20.0; -14.75; 0.3; 0.0; -19.0; 6.25; -19.0; 0.5; 0.0; -3.75; 24.6875; -37.5; 0.5; 0.0
30; -26.0; 20.0; -14.75; 0.3; 0.0; -19.0; 6.25; -19.0; 0.3; 0.0; -3.75; 24.6875; -37.5; 0.5; 0.0
31; -26.0; 20.0; -14.75; 0.3; 0.0; -19.0; 6.25; -19.0; 0.7; 0.0; -3.75; 24.6875; -37.5; 0.5; 0.0
32; -26.0; 20.0; -14.75; 0.3; 0.0; -19.0; 6.25; -19.0; 0.8999999999999999; 0.0; -3.75; 24.6875; -37.5; 0.5; 0.0
33; -26.0; 20.0; -14.75; 0.3; 0.0; -19.0; 6.25; -19.0; 0.7; 0.0; -26.25; 24.6875; -37.5; 0.5; 0.0
34; -26.0; 20.0; -14.75; 0.3; 0.0; -19.0; 6.25; -19.0; 0.7; 0.0; -3.75; 15.3125; -37.5; 0.5; 0.0
35; -26.0; 20.0; -14.75; 0.3; 0.0; -19.0; 6.25; -19.0; 0.7; 0.0; -3.75; 15.3125; -60.0; 0.5; 0.0
36; -26.0; 20.0; -14.75; 0.3; 0.0; -19.0; 6.25; -19.0; 0.7; 0.0; -3.75; 15.3125; -15.0; 0.5; 0.0
37; -26.0; 20.0; -14.75; 0.3; 0.0; -19.0; 6.25; -19.0; 0.7; 0.0; -3.75; 15.3125; -15.0; 0.3; 0.0
38; -26.0; 20.0; -14.75; 0.3; 0.0; -19.0; 6.25; -19.0; 0.7; 0.0; -3.75; 15.3125; -37.5; 0.3; 0.0
39; -26.0; 20.0; -14.75; 0.3; 0.0; -19.0; 6.25; -19.0; 0.7; 0.0; -3.75; 24.6875; -15.0; 0.3; 0.0
40; -26.0; 20.0; -14.75; 0.3; 0.0; -19.0; 6.25; -19.0; 0.49999999999999994; 0.0; -3.75; 15.3125; -15.0; 0.3; 0.0
41; -26.0; 20.0; -14.75; 0.3; 0.0; -19.0; 6.25; -19.0; 0.8999999999999999; 0.0; -3.75; 15.3125; -15.0; 0.3; 0.0
42; -26.0; 20.0; -14.75; 0.3; 0.0; -19.0; 6.25; -19.0; 0.8999999999999999; 0.0; -3.75; 15.3125; -15.0; 0.5; 0.0
43; -26.0; 20.0; -14.75; 0.3; 0.0; -19.0; 6.25; -19.0; 0.8999999999999999; 0.0; -3.75; 15.3125; -37.5; 0.3; 0.0
44; -26.0; 20.0; -14.75; 0.3; 0.0; -19.0; 6.25; -19.0; 0.8999999999999999; 0.0; -3.75; 24.6875; -15.0; 0.3; 0.0
45; -26.0; 20.0; -14.75; 0.3; 0.0; -19.0; 6.25; -41.5; 0.8999999999999999; 0.0; -3.75; 15.3125; -15.0; 0.3; 0.0
46; -26.0; 20.0; -14.75; 0.3; 0.0; -19.0; 6.25; -19.0; 0.8999999999999999; 0.0; -26.25; 15.3125; -15.0; 0.3; 0.0
47; -26.0; 20.0; -14.75; 0.3; 0.0; -19.0; 13.125; -19.0; 0.8999999999999999; 0.0; -3.75; 15.3125; -15.0; 0.3; 0.0
48; -26.0; 20.0; -14.75; 0.5; 0.0; -19.0; 6.25; -19.0; 0.8999999999999999; 0.0; -3.75; 15.3125; -15.0; 0.3; 0.0
49; -26.0; 15.625; -14.75; 0.3; 0.0; -19.0; 6.25; -19.0; 0.8999999999999999; 0.0; -3.75; 15.3125; -15.0; 0.3; 0.0
50; -26.0; 15.625; -14.75; 0.3; 0.0; -19.0; 6.25; -19.0; 0.7; 0.0; -3.75; 15.3125; -15.0; 0.3; 0.0
51; -26.0; 15.625; -14.75; 0.3; 0.0; -19.0; 6.25; -19.0; 0.8999999999999999; 0.0; -3.75; 15.3125; -15.0; 0.5; 0.0
52; -26.0; 15.625; -14.75; 0.3; 0.0; -19.0; 6.25; -19.0; 0.8999999999999999; 0.0; -3.75; 15.3125; -37.5; 0.3; 0.0
53; -26.0; 15.625; -14.75; 0.5; 0.0; -19.0; 6.25; -19.0; 0.8999999999999999; 0.0; -3.75; 15.3125; -15.0; 0.3; 0.0
54; -26.0; 15.625; -14.75; 0.3; 0.0; -19.0; 13.125; -19.0; 0.8999999999999999; 0.0; -3.75; 15.3125; -15.0; 0.3; 0.0
55; -26.0; 15.625; -14.75; 0.3; 0.0; -19.0; 6.25; -19.0; 0.8999999999999999; 0.0; -3.75; 24.6875; -15.0; 0.3; 0.0
56; -26.0; 15.625; -14.75; 0.3; 0.0; -19.0; 6.25; -41.5; 0.8999999999999999; 0.0; -3.75; 15.3125; -15.0; 0.3; 0.0
57; -26.0; 15.625; -14.75; 0.3; 0.0; -19.0; 6.25; -19.0; 0.8999999999999999; 0.0; -26.25; 15.3125; -15.0; 0.3; 0.0
58; -3.5; 15.625; -14.75; 0.3; 0.0; -19.0; 6.25; -19.0; 0.8999999999999999; 0.0; -3.75; 15.3125; -15.0; 0.3; 0.0
59; -26.0; 15.625; -37.25; 0.3; 0.0; -19.0; 6.25; -19.0; 0.8999999999999999; 0.0; -3.75; 15.3125; -15.0; 0.3; 0.0
60; -48.5; 15.625; -14.75; 0.3; 0.0; -19.0; 6.25; -19.0; 0.8999999999999999; 0.0; -3.75; 15.3125; -15.0; 0.3; 0.0
61; -26.0; 11.25; -14.75; 0.3; 0.0; -19.0; 6.25; -19.0; 0.8999999999999999; 0.0; -3.75; 15.3125; -15.0; 0.3; 0.0
62; -26.0; 15.625; -14.75; 0.3; 0.0; -41.5; 6.25; -19.0; 0.8999999999999999; 0.0; -3.75; 15.3125; -15.0; 0.3; 0.0
63; -37.25; 15.625; -14.75; 0.3; 0.0; -19.0; 6.25; -19.0; 0.8999999999999999; 0.0; -3.75; 15.3125; -15.0; 0.3; 0.0
64; -14.75; 15.625; -14.75; 0.3; 0.0; -19.0; 6.25; -19.0; 0.8999999999999999; 0.0; -3.75; 15.3125; -15.0; 0.3; 0.0
65; -14.75; 13.4375; -14.75; 0.3; 0.0; -19.0; 6.25; -19.0; 0.8999999999999999; 0.0; -3.75; 15.3125; -15.0; 0.3; 0.0
66; -14.75; 17.8125; -14.75; 0.3; 0.0; -19.0; 6.25; -19.0; 0.8999999999999999; 0.0; -3.75; 15.3125; -15.0; 0.3; 0.0
67; -14.75; 15.625; -26.0; 0.3; 0.0; -19.0; 6.25; -19.0; 0.8999999999999999; 0.0; -3.75; 15.3125; -15.0; 0.3; 0.0
68; -14.75; 15.625; -3.5; 0.3; 0.0; -19.0; 6.25; -19.0; 0.8999999999999999; 0.0; -3.75; 15.3125; -15.0; 0.3; 0.0
69; -14.75; 15.625; -3.5; 0.19999999999999998; 0.0; -19.0; 6.25; -19.0; 0.8999999999999999; 0.0; -3.75; 15.3125; -15.0; 0.3; 0.0
70; -14.75; 15.625; -3.5; 0.4; 0.0; -19.0; 6.25; -19.0; 0.8999999999999999; 0.0; -3.75; 15.3125; -15.0; 0.3; 0.0
71; -14.75; 15.625; -3.5; 0.3; 0.0; -30.25; 6.25; -19.0; 0.8999999999999999; 0.0; -3.75; 15.3125; -15.0; 0.3; 0.0
72; -14.75; 15.625; -3.5; 0.3; 0.0; -7.75; 6.25; -19.0; 0.8999999999999999; 0.0; -3.75; 15.3125; -15.0; 0.3; 0.0
73; -14.75; 15.625; -3.5; 0.3; 0.0; -19.0; 9.6875; -19.0; 0.8999999999999999; 0.0; -3.75; 15.3125; -15.0; 0.3; 0.0
74; -14.75; 15.625; -3.5; 0.3; 0.0; -19.0; 9.6875; -30.25; 0.8999999999999999; 0.0; -3.75; 15.3125; -15.0; 0.3; 0.0
75; -14.75; 15.625; -3.5; 0.3; 0.0; -19.0; 9.6875; -7.75; 0.8999999999999999; 0.0; -3.75; 15.3125; -15.0; 0.3; 0.0
76; -14.75; 15.625; -3.5; 0.3; 0.0; -19.0; 9.6875; -7.75; 0.7999999999999999; 0.0; -3.75; 15.3125; -15.0; 0.3; 0.0
77; -14.75; 15.625; -3.5; 0.3; 0.0; -19.0; 9.6875; -7.75; 0.7999999999999999; 0.0; -15.0; 15.3125; -15.0; 0.3; 0.0
78; -14.75; 15.625; -3.5; 0.3; 0.0; -19.0; 9.6875; -7.75; 0.7999999999999999; 0.0; -3.75; 10.625; -15.0; 0.3; 0.0
79; -14.75; 15.625; -3.5; 0.3; 0.0; -19.0; 9.6875; -7.75; 0.7999999999999999; 0.0; -3.75; 10.625; -26.25; 0.3; 0.0
80; -14.75; 15.625; -3.5; 0.3; 0.0; -19.0; 9.6875; -7.75; 0.7999999999999999; 0.0; -3.75; 10.625; -3.75; 0.3; 0.0
81; -14.75; 15.625; -3.5; 0.3; 0.0; -19.0; 9.6875; -7.75; 0.7999999999999999; 0.0; -3.75; 10.625; -3.75; 0.19999999999999998; 0.0
82; -14.75; 15.625; -3.5; 0.3; 0.0; -19.0; 9.6875; -7.75; 0.7999999999999999; 0.0; -3.75; 10.625; -15.0; 0.19999999999999998; 0.0
83; -14.75; 15.625; -3.5; 0.3; 0.0; -19.0; 9.6875; -7.75; 0.7999999999999999; 0.0; -3.75; 10.625; -26.25; 0.19999999999999998; 0.0
84; -14.75; 15.625; -3.5; 0.3; 0.0; -19.0; 9.6875; -7.75; 0.7999999999999999; 0.0; -3.75; 15.3125; -15.0; 0.19999999999999998; 0.0
85; -14.75; 15.625; -3.5; 0.3; 0.0; -19.0; 9.6875; -7.75; 0.8999999999999999; 0.0; -3.75; 10.625; -15.0; 0.19999999999999998; 0.0
86; -14.75; 15.625; -3.5; 0.3; 0.0; -19.0; 9.6875; -19.0; 0.7999999999999999; 0.0; -3.75; 10.625; -15.0; 0.19999999999999998; 0.0
87; -14.75; 15.625; -3.5; 0.19999999999999998; 0.0; -19.0; 9.6875; -7.75; 0.7999999999999999; 0.0; -3.75; 10.625; -15.0; 0.19999999999999998; 0.0
88; -14.75; 15.625; -3.5; 0.3; 0.0; -19.0; 6.25; -7.75; 0.7999999999999999; 0.0; -3.75; 10.625; -15.0; 0.19999999999999998; 0.0
89; -14.75; 15.625; -3.5; 0.4; 0.0; -19.0; 9.6875; -7.75; 0.7999999999999999; 0.0; -3.75; 10.625; -15.0; 0.19999999999999998; 0.0
90; -14.75; 15.625; -3.5; 0.4; 0.0; -19.0; 9.6875; -7.75; 0.7999999999999999; 0.0; -3.75; 10.625; -3.75; 0.19999999999999998; 0.0
91; -14.75; 15.625; -3.5; 0.4; 0.0; -19.0; 9.6875; -7.75; 0.7999999999999999; 0.0; -3.75; 10.625; -15.0; 0.3; 0.0
92; -14.75; 15.625; -3.5; 0.4; 0.0; -19.0; 9.6875; -7.75; 0.8999999999999999; 0.0; -3.75; 10.625; -15.0; 0.19999999999999998; 0.0
93; -14.75; 15.625; -3.5; 0.4; 0.0; -19.0; 9.6875; -7.75; 0.7999999999999999; 0.0; -3.75; 10.625; -26.25; 0.19999999999999998; 0.0
94; -14.75; 15.625; -3.5; 0.4; 0.0; -19.0; 9.6875; -7.75; 0.7999999999999999; 0.0; -3.75; 15.3125; -15.0; 0.19999999999999998; 0.0
95; -14.75; 15.625; -3.5; 0.4; 0.0; -19.0; 9.6875; -19.0; 0.7999999999999999; 0.0; -3.75; 10.625; -15.0; 0.19999999999999998; 0.0
96; -14.75; 15.625; -3.5; 0.4; 0.0; -19.0; 6.25; -7.75; 0.7999999999999999; 0.0; -3.75; 10.625; -15.0; 0.19999999999999998; 0.0
97; -14.75; 15.625; -14.75; 0.4; 0.0; -19.0; 9.6875; -7.75; 0.7999999999999999; 0.0; -3.75; 10.625; -15.0; 0.19999999999999998; 0.0
98; -14.75; 13.4375; -3.5; 0.4; 0.0; -19.0; 9.6875; -7.75; 0.7999999999999999; 0.0; -3.75; 10.625; -15.0; 0.19999999999999998; 0.0
99; -14.75; 13.4375; -3.5; 0.30000000000000004; 0.0; -19.0; 9.6875; -7.75; 0.7999999999999999; 0.0; -3.75; 10.625; -15.0; 0.19999999999999998; 0.0
100; -14.75; 13.4375; -3.5; 0.4; 0.0; -19.0; 9.6875; -7.75; 0.7999999999999999; 0.0; -3.75; 10.625; -3.75; 0.19999999999999998; 0.0
101; -14.75; 13.4375; -14.75; 0.4; 0.0; -19.0; 9.6875; -7.75; 0.7999999999999999; 0.0; -3.75; 10.625; -15.0; 0.19999999999999998; 0.0
102; -14.75; 13.4375; -3.5; 0.4; 0.0; -19.0; 9.6875; -7.75; 0.8999999999999999; 0.0; -3.75; 10.625; -15.0; 0.19999999999999998; 0.0
103; -14.75; 13.4375; -3.5; 0.4; 0.0; -19.0; 9.6875; -7.75; 0.7999999999999999; 0.0; -3.75; 10.625; -15.0; 0.3; 0.0
104; -14.75; 13.4375; -3.5; 0.4; 0.0; -19.0; 9.6875; -7.75; 0.7999999999999999; 0.0; -3.75; 10.625; -26.25; 0.19999999999999998; 0.0
105; -14.75; 13.4375; -3.5; 0.4; 0.0; -19.0; 9.6875; -7.75; 0.7999999999999999; 0.0; -3.75; 15.3125; -15.0; 0.19999999999999998; 0.0
106; -14.75; 13.4375; -3.5; 0.4; 0.0; -19.0; 9.6875; -19.0; 0.7999999999999999; 0.0; -3.75; 10.625; -15.0; 0.19999999999999998; 0.0
107; -14.75; 13.4375; -3.5; 0.4; 0.0; -19.0; 6.25; -7.75; 0.7999999999999999; 0.0; -3.75; 10.625; -15.0; 0.19999999999999998; 0.0
108; -14.75; 13.4375; -3.5; 0.4; 0.0; -19.0; 9.6875; -7.75; 0.7999999999999999; 0.0; -15.0; 10.625; -15.0; 0.19999999999999998; 0.0
109; -26.0; 13.4375; -3.5; 0.4; 0.0; -19.0; 9.6875; -7.75; 0.7999999999999999; 0.0; -3.75; 10.625; -15.0; 0.19999999999999998; 0.0
110; -14.75; 13.4375; -3.5; 0.4; 0.0; -19.0; 9.6875; -7.75; 0.7; 0.0; -3.75; 10.625; -15.0; 0.19999999999999998; 0.0
111; -14.75; 11.25; -3.5; 0.4; 0.0; -19.0; 9.6875; -7.75; 0.7999999999999999; 0.0; -3.75; 10.625; -15.0; 0.19999999999999998; 0.0
112; -14.75; 6.875; -3.5; 0.4; 0.0; -19.0; 9.6875; -7.75; 0.7999999999999999; 0.0; -3.75; 10.625; -15.0; 0.19999999999999998; 0.0
113; -14.75; 11.25; -3.5; 0.6000000000000001; 0.0; -19.0; 9.6875; -7.75; 0.7999999999999999; 0.0; -3.75; 10.625; -15.0; 0.19999999999999998; 0.0
114; -14.75; 11.25; -3.5; 0.6000000000000001; 0.0; -19.0; 9.6875; -7.75; 0.7999999999999999; 0.0; -3.75; 10.625; -15.0; 0.4; 0.0
115; -14.75; 11.25; -3.5; 0.6000000000000001; 0.0; -19.0; 9.6875; -7.75; 0.5999999999999999; 0.0; -3.75; 10.625; -15.0; 0.19999999999999998; 0.0
116; -14.75; 11.25; -3.5; 0.6000000000000001; 0.0; -19.0; 9.6875; -7.75; 0.7999999999999999; 0.0; -3.75; 10.625; -37.5; 0.19999999999999998; 0.0
117; -37.25; 11.25; -3.5; 0.6000000000000001; 0.0; -19.0; 9.6875; -7.75; 0.7999999999999999; 0.0; -3.75; 10.625; -15.0; 0.19999999999999998; 0.0
118; -14.75; 11.25; -26.0; 0.6000000000000001; 0.0; -19.0; 9.6875; -7.75; 0.7999999999999999; 0.0; -3.75; 10.625; -15.0; 0.19999999999999998; 0.0
119; -14.75; 11.25; -3.5; 0.6000000000000001; 0.0; -19.0; 9.6875; -7.75; 0.7999999999999999; 0.0; -3.75; 20.0; -15.0; 0.19999999999999998; 0.0
120; -14.75; 6.875; -3.5; 0.6000000000000001; 0.0; -19.0; 9.6875; -7.75; 0.7999999999999999; 0.0; -3.75; 10.625; -15.0; 0.19999999999999998; 0.0
121; -14.75; 11.25; -3.5; 0.6000000000000001; 0.0; -19.0; 9.6875; -7.75; 0.7999999999999999; 0.0; -26.25; 10.625; -15.0; 0.19999999999999998; 0.0
122; -14.75; 11.25; -3.5; 0.6000000000000001; 0.0; -19.0; 9.6875; -30.25; 0.7999999999999999; 0.0; -3.75; 10.625; -15.0; 0.19999999999999998; 0.0
123; -14.75; 11.25; -3.5; 0.6000000000000001; 0.0; -19.0; 16.5625; -7.75; 0.7999999999999999; 0.0; -3.75; 10.625; -15.0; 0.19999999999999998; 0.0
124; -14.75; 11.25; -3.5; 0.6000000000000001; 0.0; -41.5; 9.6875; -7.75; 0.7999999999999999; 0.0; -3.75; 10.625; -15.0; 0.19999999999999998; 0.0
125; -14.75; 11.25; -3.5; 0.8; 0.0; -19.0; 9.6875; -7.75; 0.7999999999999999; 0.0; -3.75; 10.625; -15.0; 0.19999999999999998; 0.0
126; -14.75; 11.25; -26.0; 0.8; 0.0; -19.0; 9.6875; -7.75; 0.7999999999999999; 0.0; -3.75; 10.625; -15.0; 0.19999999999999998; 0.0
127; -14.75; 15.625; -3.5; 0.8; 0.0; -19.0; 9.6875; -7.75; 0.7999999999999999; 0.0; -3.75; 10.625; -15.0; 0.19999999999999998; 0.0
128; -14.75; 11.25; -3.5; 0.8; 0.0; -19.0; 9.6875; -7.75; 0.7999999999999999; 0.0; -3.75; 10.625; -37.5; 0.19999999999999998; 0.0
129; -14.75; 11.25; -3.5; 0.8; 0.0; -19.0; 9.6875; -7.75; 0.7999999999999999; 0.0; -3.75; 10.625; -15.0; 0.4; 0.0
130; -14.75; 11.25; -3.5; 0.8; 0.0; -19.0; 9.6875; -7.75; 0.5999999999999999; 0.0; -3.75; 10.625; -15.0; 0.19999999999999998; 0.0
131; -37.25; 11.25; -3.5; 0.8; 0.0; -19.0; 9.6875; -7.75; 0.7999999999999999; 0.0; -3.75; 10.625; -15.0; 0.19999999999999998; 0.0
132; -14.75; 11.25; -3.5; 0.8; 0.0; -19.0; 9.6875; -7.75; 0.7999999999999999; 0.0; -3.75; 20.0; -15.0; 0.19999999999999998; 0.0
133; -14.75; 6.875; -3.5; 0.8; 0.0; -19.0; 9.6875; -7.75; 0.7999999999999999; 0.0; -3.75; 10.625; -15.0; 0.19999999999999998; 0.0
134; -14.75; 11.25; -3.5; 0.8; 0.0; -19.0; 9.6875; -7.75; 0.7999999999999999; 0.0; -26.25; 10.625; -15.0; 0.19999999999999998; 0.0
135; -14.75; 11.25; -3.5; 0.8; 0.0; -19.0; 9.6875; -30.25; 0.7999999999999999; 0.0; -3.75; 10.625; -15.0; 0.19999999999999998; 0.0
136; -14.75; 11.25; -3.5; 0.8; 0.0; -19.0; 16.5625; -7.75; 0.7999999999999999; 0.0; -3.75; 10.625; -15.0; 0.19999999999999998; 0.0
137; -14.75; 11.25; -3.5; 0.8; 0.0; -41.5; 9.6875; -7.75; 0.7999999999999999; 0.0; -3.75; 10.625; -15.0; 0.19999999999999998; 0.0
138; -14.75; 9.0625; -3.5; 0.8; 0.0; -19.0; 9.6875; -7.75; 0.7999999999999999; 0.0; -3.75; 10.625; -15.0; 0.19999999999999998; 0.0
139; -14.75; 11.25; -3.5; 0.9; 0.0; -19.0; 9.6875; -7.75; 0.7999999999999999; 0.0; -3.75; 10.625; -15.0; 0.19999999999999998; 0.0
140; -14.75; 13.4375; -3.5; 0.8; 0.0; -19.0; 9.6875; -7.75; 0.7999999999999999; 0.0; -3.75; 10.625; -15.0; 0.19999999999999998; 0.0
141; -14.75; 11.25; -3.5; 0.8; 0.0; -19.0; 9.6875; -7.75; 0.7999999999999999; 0.0; -3.75; 10.625; -3.75; 0.19999999999999998; 0.0
142; -14.75; 11.25; -3.5; 0.8; 0.0; -19.0; 9.6875; -7.75; 0.7999999999999999; 0.0; -3.75; 10.625; -15.0; 0.3; 0.0
143; -14.75; 11.25; -3.5; 0.8; 0.0; -19.0; 9.6875; -7.75; 0.7; 0.0; -3.75; 10.625; -15.0; 0.19999999999999998; 0.0
144; -14.75; 11.25; -3.5; 0.8; 0.0; -19.0; 9.6875; -7.75; 0.7999999999999999; 0.0; -3.75; 10.625; -26.25; 0.19999999999999998; 0.0
145; -14.75; 11.25; -3.5; 0.8; 0.0; -19.0; 9.6875; -7.75; 0.8999999999999999; 0.0; -3.75; 10.625; -15.0; 0.19999999999999998; 0.0
146; -26.0; 11.25; -3.5; 0.8; 0.0; -19.0; 9.6875; -7.75; 0.7999999999999999; 0.0; -3.75; 10.625; -15.0; 0.19999999999999998; 0.0
147; -14.75; 11.25; -14.75; 0.8; 0.0; -19.0; 9.6875; -7.75; 0.7999999999999999; 0.0; -3.75; 10.625; -15.0; 0.19999999999999998; 0.0
148; -14.75; 11.25; -14.75; 0.9; 0.0; -19.0; 9.6875; -7.75; 0.7999999999999999; 0.0; -3.75; 10.625; -15.0; 0.19999999999999998; 0.0
149; -14.75; 11.25; -14.75; 0.9; 0.0; -19.0; 9.6875; -7.75; 0.8999999999999999; 0.0; -3.75; 10.625; -15.0; 0.19999999999999998; 0.0
150; -14.75; 11.25; -14.75; 0.8; 0.0; -19.0; 9.6875; -7.75; 0.8999999999999999; 0.0; -3.75; 10.625; -15.0; 0.19999999999999998; 0.0
151; -14.75; 11.25; -3.5; 0.9; 0.0; -19.0; 9.6875; -7.75; 0.8999999999999999; 0.0; -3.75; 10.625; -15.0; 0.19999999999999998; 0.0
152; -14.75; 11.25; -14.75; 0.9; 0.0; -19.0; 9.6875; -7.75; 0.8999999999999999; 0.0; -3.75; 10.625; -3.75; 0.19999999999999998; 0.0
153; -14.75; 13.4375; -14.75; 0.9; 0.0; -19.0; 9.6875; -7.75; 0.8999999999999999; 0.0; -3.75; 10.625; -15.0; 0.19999999999999998; 0.0
154; -14.75; 11.25; -14.75; 0.9; 0.0; -19.0; 9.6875; -7.75; 0.8999999999999999; 0.0; -3.75; 10.625; -26.25; 0.19999999999999998; 0.0
155; -14.75; 11.25; -14.75; 0.9; 0.0; -19.0; 9.6875; -7.75; 0.8999999999999999; 0.0; -3.75; 10.625; -15.0; 0.3; 0.0
156; -14.75; 11.25; -26.0; 0.9; 0.0; -19.0; 9.6875; -7.75; 0.8999999999999999; 0.0; -3.75; 10.625; -15.0; 0.19999999999999998; 0.0
157; -26.0; 11.25; -14.75; 0.9; 0.0; -19.0; 9.6875; -7.75; 0.8999999999999999; 0.0; -3.75; 10.625; -15.0; 0.19999999999999998; 0.0
158; -14.75; 9.0625; -14.75; 0.9; 0.0; -19.0; 9.6875; -7.75; 0.8999999999999999; 0.0; -3.75; 10.625; -15.0; 0.19999999999999998; 0.0
159; -14.75; 11.25; -14.75; 0.9; 0.0; -19.0; 9.6875; -7.75; 0.8999999999999999; 0.0; -3.75; 15.3125; -15.0; 0.19999999999999998; 0.0
160; -14.75; 11.25; -14.75; 0.9; 0.0; -19.0; 9.6875; -7.75; 0.8999999999999999; 0.0; -15.0; 10.625; -15.0; 0.19999999999999998; 0.0
161; -14.75; 11.25; -14.75; 0.9; 0.0; -19.0; 9.6875; -19.0; 0.8999999999999999; 0.0; -3.75; 10.625; -15.0; 0.19999999999999998; 0.0
162; -14.75; 11.25; -14.75; 0.9; 0.0; -19.0; 6.25; -7.75; 0.8999999999999999; 0.0; -3.75; 10.625; -15.0; 0.19999999999999998; 0.0
163; -14.75; 11.25; -14.75; 0.9; 0.0; -7.75; 9.6875; -7.75; 0.8999999999999999; 0.0; -3.75; 10.625; -15.0; 0.19999999999999998; 0.0
164; -3.5; 11.25; -14.75; 0.9; 0.0; -19.0; 9.6875; -7.75; 0.8999999999999999; 0.0; -3.75; 10.625; -15.0; 0.19999999999999998; 0.0
165; -14.75; 11.25; -14.75; 0.9; 0.0; -19.0; 13.125; -7.75; 0.8999999999999999; 0.0; -3.75; 10.625; -15.0; 0.19999999999999998; 0.0
166; -14.75; 11.25; -14.75; 0.9; 0.0; -30.25; 9.6875; -7.75; 0.8999999999999999; 0.0; -3.75; 10.625; -15.0; 0.19999999999999998; 0.0
167; -20.375; 11.25; -14.75; 0.9; 0.0; -19.0; 9.6875; -7.75; 0.8999999999999999; 0.0; -3.75; 10.625; -15.0; 0.19999999999999998; 0.0
168; -9.125; 11.25; -14.75; 0.9; 0.0; -19.0; 9.6875; -7.75; 0.8999999999999999; 0.0; -3.75; 10.625; -15.0; 0.19999999999999998; 0.0
169; -14.75; 10.15625; -14.75; 0.9; 0.0; -19.0; 9.6875; -7.75; 0.8999999999999999; 0.0; -3.75; 10.625; -15.0; 0.19999999999999998; 0.0
170; -14.75; 12.34375; -14.75; 0.9; 0.0; -19.0; 9.6875; -7.75; 0.8999999999999999; 0.0; -3.75; 10.625; -15.0; 0.19999999999999998; 0.0
171; -14.75; 11.25; -20.375; 0.9; 0.0; -19.0; 9.6875; -7.75; 0.8999999999999999; 0.0; -3.75; 10.625; -15.0; 0.19999999999999998; 0.0
172; -14.75; 11.25; -9.125; 0.9; 0.0; -19.0; 9.6875; -7.75; 0.8999999999999999; 0.0; -3.75; 10.625; -15.0; 0.19999999999999998; 0.0
173; -14.75; 11.25; -14.75; 0.85; 0.0; -19.0; 9.6875; -7.75; 0.8999999999999999; 0.0; -3.75; 10.625; -15.0; 0.19999999999999998; 0.0
174; -14.75; 11.25; -14.75; 0.9; 0.0; -24.625; 9.6875; -7.75; 0.8999999999999999; 0.0; -3.75; 10.625; -15.0; 0.19999999999999998; 0.0
175; -14.75; 11.25; -14.75; 0.9; 0.0; -13.375; 9.6875; -7.75; 0.8999999999999999; 0.0; -3.75; 10.625; -15.0; 0.19999999999999998; 0.0
176; -14.75; 11.25; -14.75; 0.9; 0.0; -19.0; 7.96875; -7.75; 0.8999999999999999; 0.0; -3.75; 10.625; -15.0; 0.19999999999999998; 0.0
177; -14.75; 11.25; -14.75; 0.9; 0.0; -19.0; 11.40625; -7.75; 0.8999999999999999; 0.0; -3.75; 10.625; -15.0; 0.19999999999999998; 0.0
178; -14.75; 11.25; -14.75; 0.9; 0.0; -19.0; 9.6875; -13.375; 0.8999999999999999; 0.0; -3.75; 10.625; -15.0; 0.19999999999999998; 0.0
179; -14.75; 11.25; -14.75; 0.9; 0.0; -19.0; 9.6875; -2.125; 0.8999999999999999; 0.0; -3.75; 10.625; -15.0; 0.19999999999999998; 0.0
180; -14.75; 11.25; -14.75; 0.9; 0.0; -19.0; 9.6875; -7.75; 0.8499999999999999; 0.0; -3.75; 10.625; -15.0; 0.19999999999999998; 0.0
181; -14.75; 11.25; -14.75; 0.9; 0.0; -19.0; 9.6875; -7.75; 0.8999999999999999; 0.0; -9.375; 10.625; -15.0; 0.19999999999999998; 0.0
182; -14.75; 11.25; -14.75; 0.9; 0.0; -19.0; 9.6875; -7.75; 0.8999999999999999; 0.0; -3.75; 8.28125; -15.0; 0.19999999999999998; 0.0
183; -14.75; 11.25; -14.75; 0.9; 0.0; -19.0; 9.6875; -7.75; 0.8999999999999999; 0.0; -3.75; 12.96875; -15.0; 0.19999999999999998; 0.0
184; -14.75; 11.25; -14.75; 0.9; 0.0; -19.0; 9.6875; -7.75; 0.8999999999999999; 0.0; -3.75; 10.625; -20.625; 0.19999999999999998; 0.0
185; -14.75; 11.25; -14.75; 0.9; 0.0; -19.0; 9.6875; -7.75; 0.8999999999999999; 0.0; -3.75; 10.625; -9.375; 0.19999999999999998; 0.0
186; -14.75; 11.25; -14.75; 0.9; 0.0; -19.0; 9.6875; -7.75; 0.8999999999999999; 0.0; -3.75; 10.625; -15.0; 0.14999999999999997; 0.0
187; -14.75; 11.25; -14.75; 0.9; 0.0; -19.0; 9.6875; -7.75; 0.8999999999999999; 0.0; -3.75; 10.625; -15.0; 0.25; 0.0
188; -17.5625; 11.25; -14.75; 0.9; 0.0; -19.0; 9.6875; -7.75; 0.8999999999999999; 0.0; -3.75; 10.625; -15.0; 0.19999999999999998; 0.0
189; -11.9375; 11.25; -14.75; 0.9; 0.0; -19.0; 9.6875; -7.75; 0.8999999999999999; 0.0; -3.75; 10.625; -15.0; 0.19999999999999998; 0.0
190; -14.75; 10.703125; -14.75; 0.9; 0.0; -19.0; 9.6875; -7.75; 0.8999999999999999; 0.0; -3.75; 10.625; -15.0; 0.19999999999999998; 0.0
191; -14.75; 11.796875; -14.75; 0.9; 0.0; -19.0; 9.6875; -7.75; 0.8999999999999999; 0.0; -3.75; 10.625; -15.0; 0.19999999999999998; 0.0
192; -14.75; 11.25; -17.5625; 0.9; 0.0; -19.0; 9.6875; -7.75; 0.8999999999999999; 0.0; -3.75; 10.625; -15.0; 0.19999999999999998; 0.0
193; -14.75; 11.25; -11.9375; 0.9; 0.0; -19.0; 9.6875; -7.75; 0.8999999999999999; 0.0; -3.75; 10.625; -15.0; 0.19999999999999998; 0.0
194; -14.75; 11.25; -14.75; 0.875; 0.0; -19.0; 9.6875; -7.75; 0.8999999999999999; 0.0; -3.75; 10.625; -15.0; 0.19999999999999998; 0.0
195; -14.75; 11.25; -14.75; 0.9; 0.0; -21.8125; 9.6875; -7.75; 0.8999999999999999; 0.0; -3.75; 10.625; -15.0; 0.19999999999999998; 0.0
196; -14.75; 11.25; -14.75; 0.9; 0.0; -16.1875; 9.6875; -7.75; 0.8999999999999999; 0.0; -3.75; 10.625; -15.0; 0.19999999999999998; 0.0
197; -14.75; 11.25; -14.75; 0.9; 0.0; -19.0; 8.828125; -7.75; 0.8999999999999999; 0.0; -3.75; 10.625; -15.0; 0.19999999999999998; 0.0
198; -14.75; 11.25; -14.75; 0.9; 0.0; -19.0; 10.546875; -7.75; 0.8999999999999999; 0.0; -3.75; 10.625; -15.0; 0.19999999999999998; 0.0
199; -14.75; 11.25; -14.75; 0.9; 0.0; -19.0; 9.6875; -10.5625; 0.8999999999999999; 0.0; -3.75; 10.625; -15.0; 0.19999999999999998; 0.0
200; -14.75; 11.25; -14.75; 0.9; 0.0; -19.0; 9.6875; -4.9375; 0.8999999999999999; 0.0; -3.75; 10.625; -15.0; 0.19999999999999998; 0.0
201; -14.75; 11.25; -14.75; 0.9; 0.0; -19.0; 9.6875; -7.75; 0.8749999999999999; 0.0; -3.75; 10.625; -15.0; 0.19999999999999998; 0.0
202; -14.75; 11.25; -14.75; 0.9; 0.0; -19.0; 9.6875; -7.75; 0.8999999999999999; 0.0; -6.5625; 10.625; -15.0; 0.19999999999999998; 0.0
203; -14.75; 11.25; -14.75; 0.9; 0.0; -19.0; 9.6875; -7.75; 0.8999999999999999; 0.0; -0.9375; 10.625; -15.0; 0.19999999999999998; 0.0
204; -14.75; 11.25; -14.75; 0.9; 0.0; -19.0; 9.6875; -7.75; 0.8999999999999999; 0.0; -0.9375; 9.453125; -15.0; 0.19999999999999998; 0.0
205; -14.75; 11.25; -14.75; 0.9; 0.0; -19.0; 9.6875; -7.75; 0.8999999999999999; 0.0; -0.9375; 11.796875; -15.0; 0.19999999999999998; 0.0
206; -14.75; 11.25; -14.75; 0.9; 0.0; -19.0; 9.6875; -7.75; 0.8999999999999999; 0.0; -0.9375; 10.625; -17.8125; 0.19999999999999998; 0.0
207; -14.75; 11.25; -14.75; 0.9; 0.0; -19.0; 9.6875; -7.75; 0.8999999999999999; 0.0; -0.9375; 10.625; -12.1875; 0.19999999999999998; 0.0
208; -14.75; 11.25; -14.75; 0.9; 0.0; -19.0; 9.6875; -7.75; 0.8999999999999999; 0.0; -0.9375; 10.625; -12.1875; 0.175; 0.0
209; -14.75; 11.25; -14.75; 0.9; 0.0; -19.0; 9.6875; -7.75; 0.8999999999999999; 0.0; -0.9375; 10.625; -15.0; 0.175; 0.0
210; -14.75; 11.25; -14.75; 0.9; 0.0; -19.0; 9.6875; -7.75; 0.8999999999999999; 0.0; -0.9375; 9.453125; -12.1875; 0.175; 0.0
211; -14.75; 11.25; -14.75; 0.9; 0.0; -19.0; 9.6875; -7.75; 0.8999999999999999; 0.0; -3.75; 10.625; -12.1875; 0.175; 0.0
212; -14.75; 11.25; -14.75; 0.9; 0.0; -19.0; 9.6875; -7.75; 0.8999999999999999; 0.0; -0.9375; 10.625; -12.1875; 0.15; 0.0
213; -14.75; 11.25; -14.75; 0.9; 0.0; -19.0; 9.6875; -7.75; 0.8999999999999999; 0.0; -0.9375; 10.625; -9.375; 0.175; 0.0
214; -14.75; 11.25; -14.75; 0.9; 0.0; -19.0; 9.6875; -7.75; 0.8749999999999999; 0.0; -0.9375; 10.625; -12.1875; 0.175; 0.0
215; -14.75; 11.25; -14.75; 0.9; 0.0; -19.0; 9.6875; -7.75; 0.8749999999999999; 0.0; -0.9375; 10.625; -12.1875; 0.15; 0.0
216; -14.75; 11.25; -14.75; 0.9; 0.0; -19.0; 9.6875; -7.75; 0.8749999999999999; 0.0; -0.9375; 10.625; -12.1875; 0.19999999999999998; 0.0
217; -14.75; 11.25; -14.75; 0.9; 0.0; -19.0; 9.6875; -7.75; 0.8749999999999999; 0.0; -0.9375; 10.625; -15.0; 0.175; 0.0
218; -14.75; 11.25; -14.75; 0.9; 0.0; -19.0; 9.6875; -7.75; 0.8749999999999999; 0.0; -0.9375; 9.453125; -12.1875; 0.175; 0.0
219; -14.75; 11.25; -14.75; 0.9; 0.0; -19.0; 9.6875; -7.75; 0.8749999999999999; 0.0; -3.75; 10.625; -12.1875; 0.175; 0.0
220; -14.75; 11.25; -14.75; 0.9; 0.0; -19.0; 9.6875; -7.75; 0.8749999999999999; 0.0; -0.9375; 10.625; -9.375; 0.175; 0.0
221; -14.75; 11.25; -14.75; 0.875; 0.0; -19.0; 9.6875; -7.75; 0.8749999999999999; 0.0; -0.9375; 10.625; -12.1875; 0.175; 0.0
222; -14.75; 11.25; -14.75; 0.875; 0.0; -19.0; 9.6875; -7.75; 0.8749999999999999; 0.0; -0.9375; 10.625; -12.1875; 0.19999999999999998; 0.0
223; -14.75; 11.25; -14.75; 0.875; 0.0; -19.0; 9.6875; -7.75; 0.8749999999999999; 0.0; -0.9375; 10.625; -12.1875; 0.22499999999999998; 0.0
224; -14.75; 11.25; -14.75; 0.875; 0.0; -19.0; 9.6875; -7.75; 0.8749999999999999; 0.0; -0.9375; 10.625; -15.0; 0.19999999999999998; 0.0
225; -14.75; 11.25; -14.75; 0.875; 0.0; -19.0; 9.6875; -7.75; 0.8999999999999999; 0.0; -0.9375; 10.625; -12.1875; 0.19999999999999998; 0.0
226; -14.75; 11.25; -14.75; 0.875; 0.0; -19.0; 9.6875; -7.75; 0.8749999999999999; 0.0; -0.9375; 10.625; -9.375; 0.19999999999999998; 0.0
227; -14.75; 11.25; -14.75; 0.875; 0.0; -19.0; 9.6875; -7.75; 0.8749999999999999; 0.0; -0.9375; 9.453125; -12.1875; 0.19999999999999998; 0.0
228; -14.75; 11.25; -14.75; 0.875; 0.0; -19.0; 9.6875; -7.75; 0.8749999999999999; 0.0; -3.75; 10.625; -12.1875; 0.19999999999999998; 0.0
229; -14.75; 11.25; -14.75; 0.875; 0.0; -19.0; 9.6875; -7.75; 0.8499999999999999; 0.0; -0.9375; 10.625; -12.1875; 0.19999999999999998; 0.0
230; -14.75; 11.25; -14.75; 0.85; 0.0; -19.0; 9.6875; -7.75; 0.8749999999999999; 0.0; -0.9375; 10.625; -12.1875; 0.19999999999999998; 0.0
231; -14.75; 11.25; -14.75; 0.875; 0.0; -19.0; 10.546875; -7.75; 0.8749999999999999; 0.0; -0.9375; 10.625; -12.1875; 0.19999999999999998; 0.0
232; -14.75; 11.25; -14.75; 0.875; 0.0; -19.0; 9.6875; -4.9375; 0.8749999999999999; 0.0; -0.9375; 10.625; -12.1875; 0.19999999999999998; 0.0
233; -11.9375; 11.25; -14.75; 0.875; 0.0; -19.0; 9.6875; -7.75; 0.8749999999999999; 0.0; -0.9375; 10.625; -12.1875; 0.19999999999999998; 0.0
234; -14.75; 11.25; -17.5625; 0.875; 0.0; -19.0; 9.6875; -7.75; 0.8749999999999999; 0.0; -0.9375; 10.625; -12.1875; 0.19999999999999998; 0.0
235; -14.75; 11.796875; -14.75; 0.875; 0.0; -19.0; 9.6875; -7.75; 0.8749999999999999; 0.0; -0.9375; 10.625; -12.1875; 0.19999999999999998; 0.0
236; -14.75; 11.25; -14.75; 0.875; 0.0; -16.1875; 9.6875; -7.75; 0.8749999999999999; 0.0; -0.9375; 10.625; -12.1875; 0.19999999999999998; 0.0
237; -14.75; 11.25; -11.9375; 0.875; 0.0; -19.0; 9.6875; -7.75; 0.8749999999999999; 0.0; -0.9375; 10.625; -12.1875; 0.19999999999999998; 0.0
238; -14.75; 10.703125; -14.75; 0.875; 0.0; -19.0; 9.6875; -7.75; 0.8749999999999999; 0.0; -0.9375; 10.625; -12.1875; 0.19999999999999998; 0.0
239; -14.75; 11.25; -14.75; 0.875; 0.0; -19.0; 9.6875; -7.75; 0.8749999999999999; 0.0; -0.9375; 11.796875; -12.1875; 0.19999999999999998; 0.0
240; -17.5625; 11.25; -14.75; 0.875; 0.0; -19.0; 9.6875; -7.75; 0.8749999999999999; 0.0; -0.9375; 10.625; -12.1875; 0.19999999999999998; 0.0
241; -14.75; 11.25; -14.75; 0.875; 0.0; -19.0; 9.6875; -10.5625; 0.8749999999999999; 0.0; -0.9375; 10.625; -12.1875; 0.19999999999999998; 0.0
242; -14.75; 11.25; -14.75; 0.875; 0.0; -19.0; 8.828125; -7.75; 0.8749999999999999; 0.0; -0.9375; 10.625; -12.1875; 0.19999999999999998; 0.0
243; -14.75; 11.25; -14.75; 0.875; 0.0; -21.8125; 9.6875; -7.75; 0.8749999999999999; 0.0; -0.9375; 10.625; -12.1875; 0.19999999999999998; 0.0
244; -16.15625; 11.25; -14.75; 0.875; 0.0; -19.0; 9.6875; -7.75; 0.8749999999999999; 0.0; -0.9375; 10.625; -12.1875; 0.19999999999999998; 0.0
245; -13.34375; 11.25; -14.75; 0.875; 0.0; -19.0; 9.6875; -7.75; 0.8749999999999999; 0.0; -0.9375; 10.625; -12.1875; 0.19999999999999998; 0.0
246; -14.75; 10.9765625; -14.75; 0.875; 0.0; -19.0; 9.6875; -7.75; 0.8749999999999999; 0.0; -0.9375; 10.625; -12.1875; 0.19999999999999998; 0.0
247; -14.75; 11.5234375; -14.75; 0.875; 0.0; -19.0; 9.6875; -7.75; 0.8749999999999999; 0.0; -0.9375; 10.625; -12.1875; 0.19999999999999998; 0.0
248; -14.75; 11.25; -16.15625; 0.875; 0.0; -19.0; 9.6875; -7.75; 0.8749999999999999; 0.0; -0.9375; 10.625; -12.1875; 0.19999999999999998; 0.0
249; -14.75; 11.25; -13.34375; 0.875; 0.0; -19.0; 9.6875; -7.75; 0.8749999999999999; 0.0; -0.9375; 10.625; -12.1875; 0.19999999999999998; 0.0
250; -14.75; 11.25; -13.34375; 0.8625; 0.0; -19.0; 9.6875; -7.75; 0.8749999999999999; 0.0; -0.9375; 10.625; -12.1875; 0.19999999999999998; 0.0
251; -14.75; 11.25; -13.34375; 0.8875; 0.0; -19.0; 9.6875; -7.75; 0.8749999999999999; 0.0; -0.9375; 10.625; -12.1875; 0.19999999999999998; 0.0
252; -14.75; 11.25; -13.34375; 0.8875; 0.0; -20.40625; 9.6875; -7.75; 0.8749999999999999; 0.0; -0.9375; 10.625; -12.1875; 0.19999999999999998; 0.0
253; -14.75; 11.25; -13.34375; 0.8875; 0.0; -17.59375; 9.6875; -7.75; 0.8749999999999999; 0.0; -0.9375; 10.625; -12.1875; 0.19999999999999998; 0.0
254; -14.75; 11.25; -13.34375; 0.8875; 0.0; -19.0; 9.2578125; -7.75; 0.8749999999999999; 0.0; -0.9375; 10.625; -12.1875; 0.19999999999999998; 0.0
255; -14.75; 11.25; -13.34375; 0.8875; 0.0; -19.0; 10.1171875; -7.75; 0.8749999999999999; 0.0; -0.9375; 10.625; -12.1875; 0.19999999999999998; 0.0
256; -14.75; 11.25; -13.34375; 0.8875; 0.0; -19.0; 10.1171875; -9.15625; 0.8749999999999999; 0.0; -0.9375; 10.625; -12.1875; 0.19999999999999998; 0.0
257; -14.75; 11.25; -13.34375; 0.8875; 0.0; -19.0; 10.1171875; -6.34375; 0.8749999999999999; 0.0; -0.9375; 10.625; -12.1875; 0.19999999999999998; 0.0
258; -14.75; 11.25; -13.34375; 0.8875; 0.0; -19.0; 10.1171875; -6.34375; 0.8624999999999999; 0.0; -0.9375; 10.625; -12.1875; 0.19999999999999998; 0.0
259; -14.75; 11.25; -13.34375; 0.8875; 0.0; -19.0; 10.1171875; -6.34375; 0.8874999999999998; 0.0; -0.9375; 10.625; -12.1875; 0.19999999999999998; 0.0
260; -14.75; 11.25; -13.34375; 0.8875; 0.0; -19.0; 10.1171875; -6.34375; 0.8749999999999999; 0.0; -2.34375; 10.625; -12.1875; 0.19999999999999998; 0.0
261; -14.75; 11.25; -13.34375; 0.8875; 0.0; -19.0; 10.1171875; -6.34375; 0.8749999999999999; 0.0; -0.9375; 10.0390625; -12.1875; 0.19999999999999998; 0.0
262; -14.75; 11.25; -13.34375; 0.8875; 0.0; -19.0; 10.1171875; -6.34375; 0.8749999999999999; 0.0; -0.9375; 11.2109375; -12.1875; 0.19999999999999998; 0.0
263; -14.75; 11.25; -13.34375; 0.8875; 0.0; -19.0; 10.1171875; -6.34375; 0.8749999999999999; 0.0; -0.9375; 10.625; -13.59375; 0.19999999999999998; 0.0
264; -14.75; 11.25; -13.34375; 0.8875; 0.0; -19.0; 10.1171875; -6.34375; 0.8749999999999999; 0.0; -0.9375; 10.625; -10.78125; 0.19999999999999998; 0.0
265; -14.75; 11.25; -13.34375; 0.8875; 0.0; -19.0; 11.8359375; -6.34375; 0.8749999999999999; 0.0; -0.9375; 10.625; -10.78125; 0.19999999999999998; 0.0
266; -14.75; 11.25; -7.71875; 0.8875; 0.0; -19.0; 10.1171875; -6.34375; 0.8749999999999999; 0.0; -0.9375; 10.625; -10.78125; 0.19999999999999998; 0.0
267; -14.75; 11.25; -13.34375; 0.8875; 0.0; -19.0; 10.1171875; -0.71875; 0.8749999999999999; 0.0; -0.9375; 10.625; -10.78125; 0.19999999999999998; 0.0
268; -14.75; 11.25; -13.34375; 0.8875; 0.0; -19.0; 10.1171875; -6.34375; 0.8749999999999999; 0.0; -0.9375; 10.625; -10.78125; 0.18749999999999997; 0.0
269; -14.75; 11.25; -13.34375; 0.8875; 0.0; -19.0; 10.1171875; -6.34375; 0.8749999999999999; 0.0; -0.9375; 10.625; -12.1875; 0.18749999999999997; 0.0
270; -14.75; 11.25; -13.34375; 0.8875; 0.0; -19.0; 10.1171875; -6.34375; 0.8624999999999999; 0.0; -0.9375; 10.625; -10.78125; 0.18749999999999997; 0.0
271; -14.75; 11.25; -13.34375; 0.8875; 0.0; -19.0; 10.1171875; -6.34375; 0.8124999999999999; 0.0; -0.9375; 10.625; -10.78125; 0.18749999999999997; 0.0
272; -14.75; 11.25; -13.34375; 0.8875; 0.0; -19.0; 10.1171875; -6.34375; 0.8624999999999999; 0.0; -0.9375; 10.625; -5.15625; 0.18749999999999997; 0.0
273; -14.75; 11.25; -13.34375; 0.8875; 0.0; -19.0; 10.1171875; -6.34375; 0.8624999999999999; 0.0; -0.9375; 10.625; -5.15625; 0.2875; 0.0
274; -14.75; 11.25; -13.34375; 0.7875; 0.0; -19.0; 10.1171875; -6.34375; 0.8624999999999999; 0.0; -0.9375; 10.625; -5.15625; 0.18749999999999997; 0.0
275; -14.75; 13.4375; -13.34375; 0.8875; 0.0; -19.0; 10.1171875; -6.34375; 0.8624999999999999; 0.0; -0.9375; 10.625; -5.15625; 0.18749999999999997; 0.0
276; -14.75; 11.25; -24.59375; 0.8875; 0.0; -19.0; 10.1171875; -6.34375; 0.8624999999999999; 0.0; -0.9375; 10.625; -5.15625; 0.18749999999999997; 0.0
277; -3.5; 11.25; -13.34375; 0.8875; 0.0; -19.0; 10.1171875; -6.34375; 0.8624999999999999; 0.0; -0.9375; 10.625; -5.15625; 0.18749999999999997; 0.0
278; -14.75; 9.0625; -13.34375; 0.8875; 0.0; -19.0; 10.1171875; -6.34375; 0.8624999999999999; 0.0; -0.9375; 10.625; -5.15625; 0.18749999999999997; 0.0
279; -14.75; 11.25; -13.34375; 0.8875; 0.0; -19.0; 10.1171875; -6.34375; 0.8624999999999999; 0.0; -12.1875; 10.625; -5.15625; 0.18749999999999997; 0.0
280; -26.0; 11.25; -13.34375; 0.8875; 0.0; -19.0; 10.1171875; -6.34375; 0.8624999999999999; 0.0; -0.9375; 10.625; -5.15625; 0.18749999999999997; 0.0
281; -14.75; 11.25; -13.34375; 0.8875; 0.0; -19.0; 10.1171875; -6.34375; 0.8624999999999999; 0.0; -0.9375; 15.3125; -5.15625; 0.18749999999999997; 0.0
282; -14.75; 11.25; -13.34375; 0.8875; 0.0; -7.75; 10.1171875; -6.34375; 0.8624999999999999; 0.0; -0.9375; 10.625; -5.15625; 0.18749999999999997; 0.0
283; -14.75; 11.25; -13.34375; 0.8875; 0.0; -19.0; 6.6796875; -6.34375; 0.8624999999999999; 0.0; -0.9375; 10.625; -5.15625; 0.18749999999999997; 0.0
284; -14.75; 11.25; -13.34375; 0.8875; 0.0; -19.0; 10.1171875; -17.59375; 0.8624999999999999; 0.0; -0.9375; 10.625; -5.15625; 0.18749999999999997; 0.0
285; -14.75; 11.25; -13.34375; 0.8875; 0.0; -30.25; 10.1171875; -6.34375; 0.8624999999999999; 0.0; -0.9375; 10.625; -5.15625; 0.18749999999999997; 0.0
286; -14.75; 11.25; -13.34375; 0.8875; 0.0; -19.0; 10.1171875; -6.34375; 0.8124999999999999; 0.0; -0.9375; 10.625; -5.15625; 0.18749999999999997; 0.0
287; -14.75; 11.25; -7.71875; 0.8875; 0.0; -19.0; 10.1171875; -6.34375; 0.8624999999999999; 0.0; -0.9375; 10.625; -5.15625; 0.18749999999999997; 0.0
288; -14.75; 11.25; -13.34375; 0.8374999999999999; 0.0; -19.0; 10.1171875; -6.34375; 0.8624999999999999; 0.0; -0.9375; 10.625; -5.15625; 0.18749999999999997; 0.0
289; -14.75; 11.25; -13.34375; 0.8875; 0.0; -19.0; 10.1171875; -11.96875; 0.8624999999999999; 0.0; -0.9375; 10.625; -5.15625; 0.18749999999999997; 0.0
290; -14.75; 11.25; -13.34375; 0.8875; 0.0; -19.0; 10.1171875; -6.34375; 0.8624999999999999; 0.0; -0.9375; 10.625; -5.15625; 0.2375; 0.0
291; -14.75; 11.25; -13.34375; 0.8875; 0.0; -19.0; 10.1171875; -6.34375; 0.8624999999999999; 0.0; -0.9375; 10.625; -5.15625; 0.13749999999999996; 0.0
292; -14.75; 12.34375; -13.34375; 0.8875; 0.0; -19.0; 10.1171875; -6.34375; 0.8624999999999999; 0.0; -0.9375; 10.625; -5.15625; 0.18749999999999997; 0.0
293; -14.75; 11.25; -18.96875; 0.8875; 0.0; -19.0; 10.1171875; -6.34375; 0.8624999999999999; 0.0; -0.9375; 10.625; -5.15625; 0.18749999999999997; 0.0
294; -14.75; 11.25; -13.34375; 0.8875; 0.0; -19.0; 10.1171875; -6.34375; 0.8624999999999999; 0.0; -0.9375; 8.28125; -5.15625; 0.18749999999999997; 0.0
295; -9.125; 11.25; -13.34375; 0.8875; 0.0; -19.0; 10.1171875; -6.34375; 0.8624999999999999; 0.0; -0.9375; 10.625; -5.15625; 0.18749999999999997; 0.0
296; -14.75; 10.15625; -13.34375; 0.8875; 0.0; -19.0; 10.1171875; -6.34375; 0.8624999999999999; 0.0; -0.9375; 10.625; -5.15625; 0.18749999999999997; 0.0
297; -14.75; 11.25; -13.34375; 0.8875; 0.0; -19.0; 8.3984375; -6.34375; 0.8624999999999999; 0.0; -0.9375; 10.625; -5.15625; 0.18749999999999997; 0.0
298; -20.375; 11.25; -13.34375; 0.8875; 0.0; -19.0; 10.1171875; -6.34375; 0.8624999999999999; 0.0; -0.9375; 10.625; -5.15625; 0.18749999999999997; 0.0
299; -14.75; 11.25; -13.34375; 0.8875; 0.0; -19.0; 10.1171875; -6.34375; 0.8624999999999999; 0.0; -6.5625; 10.625; -5.15625; 0.18749999999999997; 0.0
300; -14.75; 11.25; -13.34375; 0.8875; 0.0; -19.0; 11.8359375; -6.34375; 0.8624999999999999; 0.0; -0.9375; 10.625; -5.15625; 0.18749999999999997; 0.0
301; -14.75; 11.25; -13.34375; 0.8875; 0.0; -13.375; 10.1171875; -6.34375; 0.8624999999999999; 0.0; -0.9375; 10.625; -5.15625; 0.18749999999999997; 0.0
302; -14.75; 11.25; -13.34375; 0.8875; 0.0; -19.0; 10.1171875; -6.34375; 0.8624999999999999; 0.0; -0.9375; 12.96875; -5.15625; 0.18749999999999997; 0.0
303; -14.75; 11.25; -13.34375; 0.8875; 0.0; -19.0; 10.1171875; -0.71875; 0.8624999999999999; 0.0; -0.9375; 10.625; -5.15625; 0.18749999999999997; 0.0
304; -14.75; 11.25; -13.34375; 0.8875; 0.0; -24.625; 10.1171875; -6.34375; 0.8624999999999999; 0.0; -0.9375; 10.625; -5.15625; 0.18749999999999997; 0.0
305; -14.75; 11.25; -13.34375; 0.8875; 0.0; -19.0; 10.1171875; -6.34375; 0.8875; 0.0; -0.9375; 10.625; -5.15625; 0.18749999999999997; 0.0
306; -14.75; 11.25; -13.34375; 0.8875; 0.0; -19.0; 10.1171875; -6.34375; 0.8624999999999999; 0.0; -0.9375; 10.625; -5.15625; 0.21249999999999997; 0.0
307; -14.75; 11.25; -13.34375; 0.8875; 0.0; -19.0; 10.1171875; -9.15625; 0.8624999999999999; 0.0; -0.9375; 10.625; -5.15625; 0.18749999999999997; 0.0
308; -14.75; 11.25; -13.34375; 0.8875; 0.0; -19.0; 9.2578125; -6.34375; 0.8624999999999999; 0.0; -0.9375; 10.625; -5.15625; 0.18749999999999997; 0.0
309; -14.75; 11.25; -13.34375; 0.8875; 0.0; -19.0; 10.1171875; -6.34375; 0.8624999999999999; 0.0; -0.9375; 9.453125; -5.15625; 0.18749999999999997; 0.0
310; -14.75; 11.25; -13.34375; 0.8624999999999999; 0.0; -19.0; 10.1171875; -6.34375; 0.8624999999999999; 0.0; -0.9375; 10.625; -5.15625; 0.18749999999999997; 0.0
311; -14.75; 11.25; -16.15625; 0.8875; 0.0; -19.0; 10.1171875; -6.34375; 0.8624999999999999; 0.0; -0.9375; 10.625; -5.15625; 0.18749999999999997; 0.0
312; -14.75; 11.25; -13.34375; 0.8875; 0.0; -19.0; 10.1171875; -6.34375; 0.8624999999999999; 0.0; -0.9375; 10.625; -5.15625; 0.16249999999999998; 0.0
313; -14.75; 11.25; -10.53125; 0.8875; 0.0; -19.0; 10.1171875; -6.34375; 0.8624999999999999; 0.0; -0.9375; 10.625; -5.15625; 0.18749999999999997; 0.0
314; -14.75; 11.25; -13.34375; 0.8875; 0.0; -19.0; 10.1171875; -6.34375; 0.8624999999999999; 0.0; -3.75; 10.625; -5.15625; 0.18749999999999997; 0.0
315; -11.9375; 11.25; -13.34375; 0.8875; 0.0; -19.0; 10.1171875; -6.34375; 0.8624999999999999; 0.0; -0.9375; 10.625; -5.15625; 0.18749999999999997; 0.0
316; -14.75; 11.25; -13.34375; 0.8875; 0.0; -19.0; 10.1171875; -3.53125; 0.8624999999999999; 0.0; -0.9375; 10.625; -5.15625; 0.18749999999999997; 0.0
317; -14.75; 11.25; -13.34375; 0.8875; 0.0; -19.0; 10.1171875; -6.34375; 0.8374999999999999; 0.0; -0.9375; 10.625; -5.15625; 0.18749999999999997; 0.0
318; -14.75; 11.25; -13.34375; 0.8875; 0.0; -19.0; 10.1171875; -6.34375; 0.8624999999999999; 0.0; -0.9375; 11.796875; -5.15625; 0.18749999999999997; 0.0
319; -17.5625; 11.25; -13.34375; 0.8875; 0.0; -19.0; 10.1171875; -6.34375; 0.8624999999999999; 0.0; -0.9375; 10.625; -5.15625; 0.18749999999999997; 0.0
320; -14.75; 11.25; -13.34375; 0.8875; 0.0; -19.0; 10.9765625; -6.34375; 0.8624999999999999; 0.0; -0.9375; 10.625; -5.15625; 0.18749999999999997; 0.0
321; -14.75; 11.796875; -13.34375; 0.8875; 0.0; -19.0; 10.1171875; -6.34375; 0.8624999999999999; 0.0; -0.9375; 10.625; -5.15625; 0.18749999999999997; 0.0
322; -14.75; 11.25; -13.34375; 0.8875; 0.0; -16.1875; 10.1171875; -6.34375; 0.8624999999999999; 0.0; -0.9375; 10.625; -5.15625; 0.18749999999999997; 0.0
323; -14.75; 10.703125; -13.34375; 0.8875; 0.0; -19.0; 10.1171875; -6.34375; 0.8624999999999999; 0.0; -0.9375; 10.625; -5.15625; 0.18749999999999997; 0.0
324; -14.75; 11.25; -13.34375; 0.8875; 0.0; -21.8125; 10.1171875; -6.34375; 0.8624999999999999; 0.0; -0.9375; 10.625; -5.15625; 0.18749999999999997; 0.0
325; -14.75; 11.25; -13.34375; 0.8875; 0.0; -19.0; 10.1171875; -6.34375; 0.8624999999999999; 0.0; -0.9375; 10.625; -2.34375; 0.18749999999999997; 0.0
326; -14.75; 11.25; -13.34375; 0.8875; 0.0; -19.0; 10.1171875; -6.34375; 0.8624999999999999; 0.0; -0.9375; 10.625; -6.5625; 0.18749999999999997; 0.0
327; -14.75; 11.25; -13.34375; 0.8875; 0.0; -19.0; 10.1171875; -6.34375; 0.8749999999999999; 0.0; -0.9375; 10.625; -5.15625; 0.18749999999999997; 0.0
328; -14.75; 11.25; -13.34375; 0.8875; 0.0; -19.0; 10.1171875; -6.34375; 0.8749999999999999; 0.0; -0.9375; 10.625; -6.5625; 0.18749999999999997; 0.0
329; -14.75; 11.25; -13.34375; 0.8875; 0.0; -19.0; 10.1171875; -6.34375; 0.8749999999999999; 0.0; -0.9375; 10.625; -5.15625; 0.19999999999999998; 0.0
330; -14.75; 11.25; -13.34375; 0.8875; 0.0; -19.0; 10.1171875; -7.75; 0.8749999999999999; 0.0; -0.9375; 10.625; -5.15625; 0.18749999999999997; 0.0
331; -14.75; 11.25; -13.34375; 0.8875; 0.0; -19.0; 9.6875; -6.34375; 0.8749999999999999; 0.0; -0.9375; 10.625; -5.15625; 0.18749999999999997; 0.0
332; -14.75; 11.25; -13.34375; 0.8875; 0.0; -19.0; 10.1171875; -6.34375; 0.8749999999999999; 0.0; -0.9375; 10.0390625; -5.15625; 0.18749999999999997; 0.0
333; -14.75; 11.25; -13.34375; 0.875; 0.0; -19.0; 10.1171875; -6.34375; 0.8749999999999999; 0.0; -0.9375; 10.625; -5.15625; 0.18749999999999997; 0.0
334; -14.75; 11.25; -14.75; 0.8875; 0.0; -19.0; 10.1171875; -6.34375; 0.8749999999999999; 0.0; -0.9375; 10.625; -5.15625; 0.18749999999999997; 0.0
335; -14.75; 11.25; -13.34375; 0.8875; 0.0; -19.0; 10.1171875; -6.34375; 0.8749999999999999; 0.0; -0.9375; 10.625; -5.15625; 0.17499999999999996; 0.0
336; -14.75; 11.25; -13.34375; 0.8999999999999999; 0.0; -19.0; 10.1171875; -6.34375; 0.8749999999999999; 0.0; -0.9375; 10.625; -5.15625; 0.18749999999999997; 0.0
337; -14.75; 11.25; -13.34375; 0.8999999999999999; 0.0; -19.0; 10.1171875; -6.34375; 0.8749999999999999; 0.0; -0.9375; 10.625; -5.15625; 0.17499999999999996; 0.0
338; -14.75; 11.25; -13.34375; 0.8999999999999999; 0.0; -19.0; 10.1171875; -6.34375; 0.8624999999999999; 0.0; -0.9375; 10.625; -5.15625; 0.18749999999999997; 0.0
339; -14.75; 11.25; -13.34375; 0.8999999999999999; 0.0; -19.0; 10.1171875; -6.34375; 0.8624999999999999; 0.0; -0.9375; 10.625; -5.15625; 0.17499999999999996; 0.0
340; -14.75; 11.25; -13.34375; 0.8999999999999999; 0.0; -19.0; 10.1171875; -6.34375; 0.8624999999999999; 0.0; -0.9375; 10.625; -6.5625; 0.18749999999999997; 0.0
341; -14.75; 11.25; -14.75; 0.8999999999999999; 0.0; -19.0; 10.1171875; -6.34375; 0.8624999999999999; 0.0; -0.9375; 10.625; -5.15625; 0.18749999999999997; 0.0
342; -14.75; 11.25; -13.34375; 0.8999999999999999; 0.0; -19.0; 10.1171875; -6.34375; 0.8624999999999999; 0.0; -0.9375; 10.625; -5.15625; 0.19999999999999998; 0.0
343; -14.75; 11.25; -13.34375; 0.8999999999999999; 0.0; -19.0; 10.1171875; -6.34375; 0.8749999999999999; 0.0; -0.9375; 10.625; -5.15625; 0.19999999999999998; 0.0
344; -14.75; 11.25; -13.34375; 0.8875; 0.0; -19.0; 10.1171875; -6.34375; 0.8624999999999999; 0.0; -0.9375; 10.625; -5.15625; 0.19999999999999998; 0.0
345; -14.75; 11.25; -13.34375; 0.8999999999999999; 0.0; -19.0; 10.1171875; -6.34375; 0.8624999999999999; 0.0; -0.9375; 10.625; -6.5625; 0.19999999999999998; 0.0
346; -14.75; 11.25; -13.34375; 0.8999999999999999; 0.0; -19.0; 10.1171875; -6.34375; 0.8624999999999999; 0.0; -0.9375; 10.625; -5.15625; 0.2125; 0.0
347; -14.75; 11.25; -14.75; 0.8999999999999999; 0.0; -19.0; 10.1171875; -6.34375; 0.8624999999999999; 0.0; -0.9375; 10.625; -5.15625; 0.19999999999999998; 0.0
348; -14.75; 11.25; -13.34375; 0.8999999999999999; 0.0; -19.0; 10.1171875; -7.75; 0.8624999999999999; 0.0; -0.9375; 10.625; -5.15625; 0.19999999999999998; 0.0
349; -14.75; 11.25; -13.34375; 0.8999999999999999; 0.0; -19.0; 9.6875; -6.34375; 0.8624999999999999; 0.0; -0.9375; 10.625; -5.15625; 0.19999999999999998; 0.0
350; -14.75; 11.25; -13.34375; 0.8999999999999999; 0.0; -19.0; 10.1171875; -6.34375; 0.8624999999999999; 0.0; -0.9375; 10.0390625; -5.15625; 0.19999999999999998; 0.0
351; -14.75; 11.25; -11.9375; 0.8999999999999999; 0.0; -19.0; 10.1171875; -6.34375; 0.8624999999999999; 0.0; -0.9375; 10.625; -5.15625; 0.19999999999999998; 0.0
352; -14.75; 11.25; -13.34375; 0.8999999999999999; 0.0; -19.0; 10.1171875; -6.34375; 0.8624999999999999; 0.0; -2.34375; 10.625; -5.15625; 0.19999999999999998; 0.0
353; -13.34375; 11.25; -13.34375; 0.8999999999999999; 0.0; -19.0; 10.1171875; -6.34375; 0.8624999999999999; 0.0; -0.9375; 10.625; -5.15625; 0.19999999999999998; 0.0
354; -14.75; 11.25; -13.34375; 0.8999999999999999; 0.0; -19.0; 10.1171875; -4.9375; 0.8624999999999999; 0.0; -0.9375; 10.625; -5.15625; 0.19999999999999998; 0.0
355; -14.75; 11.25; -13.34375; 0.8999999999999999; 0.0; -19.0; 10.1171875; -6.34375; 0.85; 0.0; -0.9375; 10.625; -5.15625; 0.19999999999999998; 0.0
356; -14.75; 11.25; -13.34375; 0.8999999999999999; 0.0; -19.0; 10.1171875; -6.34375; 0.8624999999999999; 0.0; -0.9375; 11.2109375; -5.15625; 0.19999999999999998; 0.0
357; -16.15625; 11.25; -13.34375; 0.8999999999999999; 0.0; -19.0; 10.1171875; -6.34375; 0.8624999999999999; 0.0; -0.9375; 10.625; -5.15625; 0.19999999999999998; 0.0
358; -14.75; 11.25; -13.34375; 0.8999999999999999; 0.0; -19.0; 10.546875; -6.34375; 0.8624999999999999; 0.0; -0.9375; 10.625; -5.15625; 0.19999999999999998; 0.0
359; -14.75; 11.25; -13.34375; 0.8999999999999999; 0.0; -17.59375; 10.1171875; -6.34375; 0.8624999999999999; 0.0; -0.9375; 10.625; -5.15625; 0.19999999999999998; 0.0
360; -14.75; 11.5234375; -13.34375; 0.8999999999999999; 0.0; -19.0; 10.1171875; -6.34375; 0.8624999999999999; 0.0; -0.9375; 10.625; -5.15625; 0.19999999999999998; 0.0
361; -14.75; 10.9765625; -13.34375; 0.8999999999999999; 0.0; -19.0; 10.1171875; -6.34375; 0.8624999999999999; 0.0; -0.9375; 10.625; -5.15625; 0.19999999999999998; 0.0
362; -14.75; 11.25; -13.34375; 0.8999999999999999; 0.0; -20.40625; 10.1171875; -6.34375; 0.8624999999999999; 0.0; -0.9375; 10.625; -5.15625; 0.19999999999999998; 0.0
363; -14.75; 11.25; -13.34375; 0.8999999999999999; 0.0; -19.0; 10.1171875; -6.34375; 0.8624999999999999; 0.0; -0.9375; 10.625; -3.75; 0.19999999999999998; 0.0
364; -15.453125; 11.25; -13.34375; 0.8999999999999999; 0.0; -19.0; 10.1171875; -6.34375; 0.8624999999999999; 0.0; -0.9375; 10.625; -5.15625; 0.19999999999999998; 0.0
365; -14.046875; 11.25; -13.34375; 0.8999999999999999; 0.0; -19.0; 10.1171875; -6.34375; 0.8624999999999999; 0.0; -0.9375; 10.625; -5.15625; 0.19999999999999998; 0.0
366; -14.75; 11.11328125; -13.34375; 0.8999999999999999; 0.0; -19.0; 10.1171875; -6.34375; 0.8624999999999999; 0.0; -0.9375; 10.625; -5.15625; 0.19999999999999998; 0.0
367; -14.75; 11.38671875; -13.34375; 0.8999999999999999; 0.0; -19.0; 10.1171875; -6.34375; 0.8624999999999999; 0.0; -0.9375; 10.625; -5.15625; 0.19999999999999998; 0.0
368; -14.75; 11.25; -14.046875; 0.8999999999999999; 0.0; -19.0; 10.1171875; -6.34375; 0.8624999999999999; 0.0; -0.9375; 10.625; -5.15625; 0.19999999999999998; 0.0
369; -14.75; 11.25; -12.640625; 0.8999999999999999; 0.0; -19.0; 10.1171875; -6.34375; 0.8624999999999999; 0.0; -0.9375; 10.625; -5.15625; 0.19999999999999998; 0.0
370; -14.75; 11.25; -13.34375; 0.8937499999999999; 0.0; -19.0; 10.1171875; -6.34375; 0.8624999999999999; 0.0; -0.9375; 10.625; -5.15625; 0.19999999999999998; 0.0
371; -14.75; 11.25; -13.34375; 0.8999999999999999; 0.0; -19.703125; 10.1171875; -6.34375; 0.8624999999999999; 0.0; -0.9375; 10.625; -5.15625; 0.19999999999999998; 0.0
372; -14.75; 11.25; -13.34375; 0.8999999999999999; 0.0; -18.296875; 10.1171875; -6.34375; 0.8624999999999999; 0.0; -0.9375; 10.625; -5.15625; 0.19999999999999998; 0.0
373; -14.75; 11.25; -13.34375; 0.8999999999999999; 0.0; -19.0; 9.90234375; -6.34375; 0.8624999999999999; 0.0; -0.9375; 10.625; -5.15625; 0.19999999999999998; 0.0
374; -14.75; 11.25; -13.34375; 0.8999999999999999; 0.0; -19.0; 10.33203125; -6.34375; 0.8624999999999999; 0.0; -0.9375; 10.625; -5.15625; 0.19999999999999998; 0.0
375; -14.75; 11.25; -13.34375; 0.8999999999999999; 0.0; -19.0; 10.1171875; -7.046875; 0.8624999999999999; 0.0; -0.9375; 10.625; -5.15625; 0.19999999999999998; 0.0
376; -14.75; 11.25; -13.34375; 0.8999999999999999; 0.0; -19.0; 10.1171875; -5.640625; 0.8624999999999999; 0.0; -0.9375; 10.625; -5.15625; 0.19999999999999998; 0.0
377; -14.75; 11.25; -13.34375; 0.8999999999999999; 0.0; -19.0; 10.1171875; -6.34375; 0.85625; 0.0; -0.9375; 10.625; -5.15625; 0.19999999999999998; 0.0
378; -14.75; 11.25; -13.34375; 0.8999999999999999; 0.0; -19.0; 10.1171875; -6.34375; 0.8687499999999999; 0.0; -0.9375; 10.625; -5.15625; 0.19999999999999998; 0.0
379; -14.75; 11.25; -13.34375; 0.8999999999999999; 0.0; -19.0; 10.1171875; -6.34375; 0.8624999999999999; 0.0; -1.640625; 10.625; -5.15625; 0.19999999999999998; 0.0
380; -14.75; 11.25; -13.34375; 0.8999999999999999; 0.0; -19.0; 10.1171875; -6.34375; 0.8624999999999999; 0.0; -0.234375; 10.625; -5.15625; 0.19999999999999998; 0.0
381; -14.75; 11.25; -13.34375; 0.8999999999999999; 0.0; -19.0; 10.1171875; -6.34375; 0.8624999999999999; 0.0; -0.9375; 10.33203125; -5.15625; 0.19999999999999998; 0.0
382; -14.75; 11.25; -13.34375; 0.8999999999999999; 0.0; -19.0; 10.1171875; -6.34375; 0.8624999999999999; 0.0; -0.9375; 10.91796875; -5.15625; 0.19999999999999998; 0.0
383; -14.75; 11.25; -13.34375; 0.8999999999999999; 0.0; -19.0; 10.1171875; -6.34375; 0.8624999999999999; 0.0; -0.9375; 10.625; -5.859375; 0.19999999999999998; 0.0
384; -14.75; 11.25; -13.34375; 0.8999999999999999; 0.0; -19.0; 10.1171875; -6.34375; 0.8624999999999999; 0.0; -0.9375; 10.625; -4.453125; 0.19999999999999998; 0.0
385; -14.75; 11.25; -13.34375; 0.8999999999999999; 0.0; -19.0; 10.1171875; -6.34375; 0.8624999999999999; 0.0; -0.9375; 10.625; -5.15625; 0.19374999999999998; 0.0
386; -14.75; 11.25; -13.34375; 0.8999999999999999; 0.0; -19.0; 10.1171875; -6.34375; 0.8624999999999999; 0.0; -0.9375; 10.625; -5.15625; 0.20625; 0.0
387; -15.1015625; 11.25; -13.34375; 0.8999999999999999; 0.0; -19.0; 10.1171875; -6.34375; 0.8624999999999999; 0.0; -0.9375; 10.625; -5.15625; 0.19999999999999998; 0.0
388; -14.3984375; 11.25; -13.34375; 0.8999999999999999; 0.0; -19.0; 10.1171875; -6.34375; 0.8624999999999999; 0.0; -0.9375; 10.625; -5.15625; 0.19999999999999998; 0.0
389; -14.75; 11.181640625; -13.34375; 0.8999999999999999; 0.0; -19.0; 10.1171875; -6.34375; 0.8624999999999999; 0.0; -0.9375; 10.625; -5.15625; 0.19999999999999998; 0.0
390; -14.75; 11.318359375; -13.34375; 0.8999999999999999; 0.0; -19.0; 10.1171875; -6.34375; 0.8624999999999999; 0.0; -0.9375; 10.625; -5.15625; 0.19999999999999998; 0.0
391; -14.75; 11.25; -13.6953125; 0.8999999999999999; 0.0; -19.0; 10.1171875; -6.34375; 0.8624999999999999; 0.0; -0.9375; 10.625; -5.15625; 0.19999999999999998; 0.0
392; -14.75; 11.25; -12.9921875; 0.8999999999999999; 0.0; -19.0; 10.1171875; -6.34375; 0.8624999999999999; 0.0; -0.9375; 10.625; -5.15625; 0.19999999999999998; 0.0
393; -14.75; 11.25; -13.34375; 0.8968749999999999; 0.0; -19.0; 10.1171875; -6.34375; 0.8624999999999999; 0.0; -0.9375; 10.625; -5.15625; 0.19999999999999998; 0.0
394; -14.75; 11.25; -13.34375; 0.8999999999999999; 0.0; -19.3515625; 10.1171875; -6.34375; 0.8624999999999999; 0.0; -0.9375; 10.625; -5.15625; 0.19999999999999998; 0.0
395; -14.75; 11.25; -13.34375; 0.8999999999999999; 0.0; -18.6484375; 10.1171875; -6.34375; 0.8624999999999999; 0.0; -0.9375; 10.625; -5.15625; 0.19999999999999998; 0.0
396; -14.75; 11.25; -13.34375; 0.8999999999999999; 0.0; -19.0; 10.009765625; -6.34375; 0.8624999999999999; 0.0; -0.9375; 10.625; -5.15625; 0.19999999999999998; 0.0
397; -14.75; 11.25; -13.34375; 0.8999999999999999; 0.0; -19.0; 10.224609375; -6.34375; 0.8624999999999999; 0.0; -0.9375; 10.625; -5.15625; 0.19999999999999998; 0.0
398; -14.75; 11.25; -13.34375; 0.8999999999999999; 0.0; -19.0; 10.1171875; -6.6953125; 0.8624999999999999; 0.0; -0.9375; 10.625; -5.15625; 0.19999999999999998; 0.0
399; -14.75; 11.25; -13.34375; 0.8999999999999999; 0.0; -19.0; 10.1171875; -5.9921875; 0.8624999999999999; 0.0; -0.9375; 10.625; -5.15625; 0.19999999999999998; 0.0
400; -14.75; 11.25; -13.34375; 0.8999999999999999; 0.0; -19.0; 10.1171875; -6.34375; 0.8593749999999999; 0.0; -0.9375; 10.625; -5.15625; 0.19999999999999998; 0.0
401; -14.75; 11.25; -13.34375; 0.8999999999999999; 0.0; -19.0; 10.1171875; -6.34375; 0.865625; 0.0; -0.9375; 10.625; -5.15625; 0.19999999999999998; 0.0
402; -14.75; 11.25; -13.34375; 0.8999999999999999; 0.0; -19.0; 10.1171875; -6.34375; 0.8624999999999999; 0.0; -1.2890625; 10.625; -5.15625; 0.19999999999999998; 0.0
403; -14.75; 11.25; -13.34375; 0.8999999999999999; 0.0; -19.0; 10.1171875; -6.34375; 0.8624999999999999; 0.0; -0.5859375; 10.625; -5.15625; 0.19999999999999998; 0.0
404; -14.75; 11.25; -13.34375; 0.8999999999999999; 0.0; -19.0; 10.1171875; -6.34375; 0.8624999999999999; 0.0; -0.9375; 10.478515625; -5.15625; 0.19999999999999998; 0.0
405; -14.75; 11.25; -13.34375; 0.8999999999999999; 0.0; -19.0; 10.1171875; -6.34375; 0.8624999999999999; 0.0; -0.9375; 10.771484375; -5.15625; 0.19999999999999998; 0.0
406; -14.75; 11.25; -13.34375; 0.8999999999999999; 0.0; -19.0; 10.1171875; -6.34375; 0.8624999999999999; 0.0; -0.9375; 10.625; -5.5078125; 0.19999999999999998; 0.0
407; -14.75; 11.25; -13.34375; 0.8999999999999999; 0.0; -19.0; 10.1171875; -6.34375; 0.8624999999999999; 0.0; -0.9375; 10.625; -4.8046875; 0.19999999999999998; 0.0
408; -14.75; 11.25; -13.34375; 0.8999999999999999; 0.0; -19.0; 10.1171875; -6.34375; 0.8624999999999999; 0.0; -0.9375; 10.625; -5.15625; 0.196875; 0.0
409; -14.75; 11.25; -13.34375; 0.8999999999999999; 0.0; -19.0; 10.1171875; -6.34375; 0.8624999999999999; 0.0; -0.9375; 10.625; -5.15625; 0.20312499999999997; 0.0
410; -14.92578125; 11.25; -13.34375; 0.8999999999999999; 0.0; -19.0; 10.1171875; -6.34375; 0.8624999999999999; 0.0; -0.9375; 10.625; -5.15625; 0.19999999999999998; 0.0
411; -14.57421875; 11.25; -13.34375; 0.8999999999999999; 0.0; -19.0; 10.1171875; -6.34375; 0.8624999999999999; 0.0; -0.9375; 10.625; -5.15625; 0.19999999999999998; 0.0
412; -14.75; 11.2158203125; -13.34375; 0.8999999999999999; 0.0; -19.0; 10.1171875; -6.34375; 0.8624999999999999; 0.0; -0.9375; 10.625; -5.15625; 0.19999999999999998; 0.0
413; -14.75; 11.2841796875; -13.34375; 0.8999999999999999; 0.0; -19.0; 10.1171875; -6.34375; 0.8624999999999999; 0.0; -0.9375; 10.625; -5.15625; 0.19999999999999998; 0.0
414; -14.75; 11.25; -13.51953125; 0.8999999999999999; 0.0; -19.0; 10.1171875; -6.34375; 0.8624999999999999; 0.0; -0.9375; 10.625; -5.15625; 0.19999999999999998; 0.0
415; -14.75; 11.25; -13.16796875; 0.8999999999999999; 0.0; -19.0; 10.1171875; -6.34375; 0.8624999999999999; 0.0; -0.9375; 10.625; -5.15625; 0.19999999999999998; 0.0
416; -14.75; 11.25; -13.34375; 0.8984374999999999; 0.0; -19.0; 10.1171875; -6.34375; 0.8624999999999999; 0.0; -0.9375; 10.625; -5.15625; 0.19999999999999998; 0.0
417; -14.75; 11.25; -13.34375; 0.8999999999999999; 0.0; -19.17578125; 10.1171875; -6.34375; 0.8624999999999999; 0.0; -0.9375; 10.625; -5.15625; 0.19999999999999998; 0.0
418; -14.75; 11.25; -13.34375; 0.8999999999999999; 0.0; -18.82421875; 10.1171875; -6.34375; 0.8624999999999999; 0.0; -0.9375; 10.625; -5.15625; 0.19999999999999998; 0.0
419; -14.75; 11.25; -13.34375; 0.8999999999999999; 0.0; -19.0; 10.0634765625; -6.34375; 0.8624999999999999; 0.0; -0.9375; 10.625; -5.15625; 0.19999999999999998; 0.0
420; -14.75; 11.25; -13.34375; 0.8999999999999999; 0.0; -19.0; 10.1708984375; -6.34375; 0.8624999999999999; 0.0; -0.9375; 10.625; -5.15625; 0.19999999999999998; 0.0
421; -14.75; 11.25; -13.34375; 0.8999999999999999; 0.0; -19.0; 10.1171875; -6.51953125; 0.8624999999999999; 0.0; -0.9375; 10.625; -5.15625; 0.19999999999999998; 0.0
422; -14.75; 11.25; -13.34375; 0.8999999999999999; 0.0; -19.0; 10.1171875; -6.16796875; 0.8624999999999999; 0.0; -0.9375; 10.625; -5.15625; 0.19999999999999998; 0.0
423; -14.75; 11.25; -13.34375; 0.8999999999999999; 0.0; -19.0; 10.1171875; -6.34375; 0.8609374999999999; 0.0; -0.9375; 10.625; -5.15625; 0.19999999999999998; 0.0
424; -14.75; 11.25; -13.34375; 0.8999999999999999; 0.0; -19.0; 10.1171875; -6.34375; 0.8640625; 0.0; -0.9375; 10.625; -5.15625; 0.19999999999999998; 0.0
425; -14.75; 11.25; -13.34375; 0.8999999999999999; 0.0; -19.0; 10.1171875; -6.34375; 0.8624999999999999; 0.0; -1.11328125; 10.625; -5.15625; 0.19999999999999998; 0.0
426; -14.75; 11.25; -13.34375; 0.8999999999999999; 0.0; -19.0; 10.1171875; -6.34375; 0.8624999999999999; 0.0; -0.76171875; 10.625; -5.15625; 0.19999999999999998; 0.0
427; -14.75; 11.25; -13.34375; 0.8999999999999999; 0.0; -19.0; 10.1171875; -6.34375; 0.8624999999999999; 0.0; -0.9375; 10.5517578125; -5.15625; 0.19999999999999998; 0.0
428; -14.75; 11.25; -13.34375; 0.8999999999999999; 0.0; -19.0; 10.1171875; -6.34375; 0.8624999999999999; 0.0; -0.9375; 10.5517578125; -5.33203125; 0.19999999999999998; 0.0
429; -14.75; 11.25; -13.34375; 0.8999999999999999; 0.0; -19.0; 10.1171875; -6.34375; 0.8624999999999999; 0.0; -0.9375; 10.5517578125; -4.98046875; 0.19999999999999998; 0.0
430; -14.75; 11.25; -13.34375; 0.8999999999999999; 0.0; -19.0; 10.1171875; -6.34375; 0.8624999999999999; 0.0; -0.9375; 10.5517578125; -5.15625; 0.1984375; 0.0
431; -14.75; 11.25; -13.34375; 0.8999999999999999; 0.0; -19.0; 10.1171875; -6.34375; 0.8624999999999999; 0.0; -0.9375; 10.5517578125; -5.15625; 0.20156249999999998; 0.0
432; -14.75; 11.25; -13.34375; 0.8999999999999999; 0.0; -19.0; 10.1171875; -6.34375; 0.8609374999999999; 0.0; -0.9375; 10.5517578125; -5.15625; 0.19999999999999998; 0.0
433; -14.75; 11.25; -13.34375; 0.8999999999999999; 0.0; -19.0; 10.1171875; -6.34375; 0.7609374999999999; 0.0; -0.9375; 10.5517578125; -5.15625; 0.19999999999999998; 0.0
434; -14.75; 11.25; -13.34375; 0.8999999999999999; 0.0; -19.0; 10.1171875; -6.34375; 0.8609374999999999; 0.0; -0.9375; 10.5517578125; -5.15625; 0.1984375; 0.0
435; -14.75; 11.25; -13.34375; 0.8999999999999999; 0.0; -19.0; 10.1171875; -6.34375; 0.8609374999999999; 0.0; -0.9375; 10.5517578125; -5.15625; 0.20156249999999998; 0.0
436; -14.75; 11.25; -13.34375; 0.8984374999999999; 0.0; -19.0; 10.1171875; -6.34375; 0.8609374999999999; 0.0; -0.9375; 10.5517578125; -5.15625; 0.19999999999999998; 0.0
437; -14.75; 11.25; -13.34375; 0.8999999999999999; 0.0; -19.0; 10.1171875; -6.34375; 0.8609374999999999; 0.0; -0.9375; 10.5517578125; -5.33203125; 0.19999999999999998; 0.0
438; -14.57421875; 11.25; -13.34375; 0.8999999999999999; 0.0; -19.0; 10.1171875; -6.34375; 0.8609374999999999; 0.0; -0.9375; 10.5517578125; -5.15625; 0.19999999999999998; 0.0
439; -14.75; 11.25; -13.51953125; 0.8999999999999999; 0.0; -19.0; 10.1171875; -6.34375; 0.8609374999999999; 0.0; -0.9375; 10.5517578125; -5.15625; 0.19999999999999998; 0.0
440; -14.75; 11.25; -13.34375; 0.8999999999999999; 0.0; -19.0; 10.1171875; -6.34375; 0.8593749999999999; 0.0; -0.9375; 10.5517578125; -5.15625; 0.19999999999999998; 0.0
441; -14.75; 11.25; -13.34375; 0.8999999999999999; 0.0; -19.0; 10.1171875; -6.34375; 0.8609374999999999; 0.0; -0.9375; 10.5517578125; -4.98046875; 0.19999999999999998; 0.0
442; -14.75; 11.25; -13.34375; 0.8999999999999999; 0.0; -19.0; 10.1171875; -6.34375; 0.8609374999999999; 0.0; -0.76171875; 10.5517578125; -5.15625; 0.19999999999999998; 0.0
443; -14.75; 11.2158203125; -13.34375; 0.8999999999999999; 0.0; -19.0; 10.1171875; -6.34375; 0.8609374999999999; 0.0; -0.9375; 10.5517578125; -5.15625; 0.19999999999999998; 0.0
444; -14.75; 11.25; -13.34375; 0.8999999999999999; 0.0; -19.0; 10.1171875; -6.51953125; 0.8609374999999999; 0.0; -0.9375; 10.5517578125; -5.15625; 0.19999999999999998; 0.0
445; -14.75; 11.25; -13.34375; 0.8999999999999999; 0.0; -19.0; 10.1171875; -6.34375; 0.8609374999999999; 0.0; -0.9375; 10.478515625; -5.15625; 0.19999999999999998; 0.0
446; -14.92578125; 11.25; -13.34375; 0.8999999999999999; 0.0; -19.0; 10.1171875; -6.34375; 0.8609374999999999; 0.0; -0.9375; 10.5517578125; -5.15625; 0.19999999999999998; 0.0
447; -14.75; 11.25; -13.16796875; 0.8999999999999999; 0.0; -19.0; 10.1171875; -6.34375; 0.8609374999999999; 0.0; -0.9375; 10.5517578125; -5.15625; 0.19999999999999998; 0.0
448; -14.75; 11.25; -13.34375; 0.8999999999999999; 0.0; -18.82421875; 10.1171875; -6.34375; 0.8609374999999999; 0.0; -0.9375; 10.5517578125; -5.15625; 0.19999999999999998; 0.0
449; -14.75; 11.25; -13.34375; 0.8999999999999999; 0.0; -19.0; 10.1171875; -6.16796875; 0.8609374999999999; 0.0; -0.9375; 10.5517578125; -5.15625; 0.19999999999999998; 0.0
450; -14.75; 11.25; -13.34375; 0.8999999999999999; 0.0; -19.0; 10.1708984375; -6.34375; 0.8609374999999999; 0.0; -0.9375; 10.5517578125; -5.15625; 0.19999999999999998; 0.0
451; -14.75; 11.25; -13.34375; 0.8999999999999999; 0.0; -19.17578125; 10.1171875; -6.34375; 0.8609374999999999; 0.0; -0.9375; 10.5517578125; -5.15625; 0.19999999999999998; 0.0
452; -14.75; 11.25; -13.34375; 0.8999999999999999; 0.0; -19.0; 10.1171875; -6.34375; 0.8609374999999999; 0.0; -1.11328125; 10.5517578125; -5.15625; 0.19999999999999998; 0.0
453; -14.75; 11.2841796875; -13.34375; 0.8999999999999999; 0.0; -19.0; 10.1171875; -6.34375; 0.8609374999999999; 0.0; -0.9375; 10.5517578125; -5.15625; 0.19999999999999998; 0.0
454; -14.75; 11.25; -13.34375; 0.8999999999999999; 0.0; -19.0; 10.0634765625; -6.34375; 0.8609374999999999; 0.0; -0.9375; 10.5517578125; -5.15625; 0.19999999999999998; 0.0
455; -14.837890625; 11.25; -13.34375; 0.8999999999999999; 0.0; -19.0; 10.1171875; -6.34375; 0.8609374999999999; 0.0; -0.9375; 10.5517578125; -5.15625; 0.19999999999999998; 0.0
456; -14.662109375; 11.25; -13.34375; 0.8999999999999999; 0.0; -19.0; 10.1171875; -6.34375; 0.8609374999999999; 0.0; -0.9375; 10.5517578125; -5.15625; 0.19999999999999998; 0.0
457; -14.75; 11.23291015625; -13.34375; 0.8999999999999999; 0.0; -19.0; 10.1171875; -6.34375; 0.8609374999999999; 0.0; -0.9375; 10.5517578125; -5.15625; 0.19999999999999998; 0.0
458; -14.75; 11.26708984375; -13.34375; 0.8999999999999999; 0.0; -19.0; 10.1171875; -6.34375; 0.8609374999999999; 0.0; -0.9375; 10.5517578125; -5.15625; 0.19999999999999998; 0.0
459; -14.75; 11.25; -13.431640625; 0.8999999999999999; 0.0; -19.0; 10.1171875; -6.34375; 0.8609374999999999; 0.0; -0.9375; 10.5517578125; -5.15625; 0.19999999999999998; 0.0
460; -14.75; 11.25; -13.255859375; 0.8999999999999999; 0.0; -19.0; 10.1171875; -6.34375; 0.8609374999999999; 0.0; -0.9375; 10.5517578125; -5.15625; 0.19999999999999998; 0.0
461; -14.75; 11.25; -13.34375; 0.89921875; 0.0; -19.0; 10.1171875; -6.34375; 0.8609374999999999; 0.0; -0.9375; 10.5517578125; -5.15625; 0.19999999999999998; 0.0
462; -14.75; 11.25; -13.34375; 0.8999999999999999; 0.0; -19.087890625; 10.1171875; -6.34375; 0.8609374999999999; 0.0; -0.9375; 10.5517578125; -5.15625; 0.19999999999999998; 0.0
463; -14.75; 11.25; -13.34375; 0.8999999999999999; 0.0; -18.912109375; 10.1171875; -6.34375; 0.8609374999999999; 0.0; -0.9375; 10.5517578125; -5.15625; 0.19999999999999998; 0.0
464; -14.75; 11.25; -13.34375; 0.8999999999999999; 0.0; -19.0; 10.09033203125; -6.34375; 0.8609374999999999; 0.0; -0.9375; 10.5517578125; -5.15625; 0.19999999999999998; 0.0
465; -14.75; 11.25; -13.34375; 0.8999999999999999; 0.0; -19.0; 10.14404296875; -6.34375; 0.8609374999999999; 0.0; -0.9375; 10.5517578125; -5.15625; 0.19999999999999998; 0.0
466; -14.75; 11.25; -13.34375; 0.8999999999999999; 0.0; -19.0; 10.1171875; -6.431640625; 0.8609374999999999; 0.0; -0.9375; 10.5517578125; -5.15625; 0.19999999999999998; 0.0
467; -14.75; 11.25; -13.34375; 0.8999999999999999; 0.0; -19.0; 10.1171875; -6.255859375; 0.8609374999999999; 0.0; -0.9375; 10.5517578125; -5.15625; 0.19999999999999998; 0.0
468; -14.75; 11.25; -13.34375; 0.8999999999999999; 0.0; -19.0; 10.1171875; -6.34375; 0.86015625; 0.0; -0.9375; 10.5517578125; -5.15625; 0.19999999999999998; 0.0
469; -14.75; 11.25; -13.34375; 0.8999999999999999; 0.0; -19.0; 10.1171875; -6.34375; 0.8617187499999999; 0.0; -0.9375; 10.5517578125; -5.15625; 0.19999999999999998; 0.0
470; -14.75; 11.25; -13.34375; 0.8999999999999999; 0.0; -19.0; 10.1171875; -6.34375; 0.8609374999999999; 0.0; -1.025390625; 10.5517578125; -5.15625; 0.19999999999999998; 0.0
471; -14.75; 11.25; -13.34375; 0.8999999999999999; 0.0; -19.0; 10.1171875; -6.34375; 0.8609374999999999; 0.0; -0.849609375; 10.5517578125; -5.15625; 0.19999999999999998; 0.0
472; -14.75; 11.25; -13.34375; 0.8999999999999999; 0.0; -19.0; 10.1171875; -6.34375; 0.8609374999999999; 0.0; -0.9375; 10.51513671875; -5.15625; 0.19999999999999998; 0.0
473; -14.75; 11.25; -13.34375; 0.8999999999999999; 0.0; -19.0; 10.1171875; -6.34375; 0.8609374999999999; 0.0; -0.9375; 10.58837890625; -5.15625; 0.19999999999999998; 0.0
474; -14.75; 11.25; -13.34375; 0.8999999999999999; 0.0; -19.0; 10.1171875; -6.34375; 0.8609374999999999; 0.0; -0.9375; 10.5517578125; -5.244140625; 0.19999999999999998; 0.0
475; -14.75; 11.25; -13.34375; 0.8999999999999999; 0.0; -19.0; 10.1171875; -6.34375; 0.8609374999999999; 0.0; -0.9375; 10.5517578125; -5.068359375; 0.19999999999999998; 0.0
476; -14.75; 11.25; -13.34375; 0.8999999999999999; 0.0; -19.0; 10.1171875; -6.34375; 0.8609374999999999; 0.0; -0.9375; 10.5517578125; -5.15625; 0.19921874999999997; 0.0
477; -14.75; 11.25; -13.34375; 0.8999999999999999; 0.0; -19.0; 10.1171875; -6.34375; 0.8609374999999999; 0.0; -0.9375; 10.5517578125; -5.15625; 0.20078125; 0.0
478; -14.7939453125; 11.25; -13.34375; 0.8999999999999999; 0.0; -19.0; 10.1171875; -6.34375; 0.8609374999999999; 0.0; -0.9375; 10.5517578125; -5.15625; 0.19999999999999998; 0.0
479; -14.7060546875; 11.25; -13.34375; 0.8999999999999999; 0.0; -19.0; 10.1171875; -6.34375; 0.8609374999999999; 0.0; -0.9375; 10.5517578125; -5.15625; 0.19999999999999998; 0.0
480; -14.75; 11.241455078125; -13.34375; 0.8999999999999999; 0.0; -19.0; 10.1171875; -6.34375; 0.8609374999999999; 0.0; -0.9375; 10.5517578125; -5.15625; 0.19999999999999998; 0.0
481; -14.75; 11.258544921875; -13.34375; 0.8999999999999999; 0.0; -19.0; 10.1171875; -6.34375; 0.8609374999999999; 0.0; -0.9375; 10.5517578125; -5.15625; 0.19999999999999998; 0.0
482; -14.75; 11.25; -13.3876953125; 0.8999999999999999; 0.0; -19.0; 10.1171875; -6.34375; 0.8609374999999999; 0.0; -0.9375; 10.5517578125; -5.15625; 0.19999999999999998; 0.0
483; -14.75; 11.25; -13.2998046875; 0.8999999999999999; 0.0; -19.0; 10.1171875; -6.34375; 0.8609374999999999; 0.0; -0.9375; 10.5517578125; -5.15625; 0.19999999999999998; 0.0
484; -14.75; 11.25; -13.34375; 0.8996093749999999; 0.0; -19.0; 10.1171875; -6.34375; 0.8609374999999999; 0.0; -0.9375; 10.5517578125; -5.15625; 0.19999999999999998; 0.0
485; -14.75; 11.25; -13.34375; 0.8999999999999999; 0.0; -19.0439453125; 10.1171875; -6.34375; 0.8609374999999999; 0.0; -0.9375; 10.5517578125; -5.15625; 0.19999999999999998; 0.0
486; -14.75; 11.25; -13.34375; 0.8999999999999999; 0.0; -18.9560546875; 10.1171875; -6.34375; 0.8609374999999999; 0.0; -0.9375; 10.5517578125; -5.15625; 0.19999999999999998; 0.0
487; -14.75; 11.25; -13.34375; 0.8999999999999999; 0.0; -19.0; 10.103759765625; -6.34375; 0.8609374999999999; 0.0; -0.9375; 10.5517578125; -5.15625; 0.19999999999999998; 0.0
488; -14.75; 11.25; -13.34375; 0.8999999999999999; 0.0; -19.0; 10.130615234375; -6.34375; 0.8609374999999999; 0.0; -0.9375; 10.5517578125; -5.15625; 0.19999999999999998; 0.0
489; -14.75; 11.25; -13.34375; 0.8999999999999999; 0.0; -19.0; 10.1171875; -6.3876953125; 0.8609374999999999; 0.0; -0.9375; 10.5517578125; -5.15625; 0.19999999999999998; 0.0
490; -14.75; 11.25; -13.34375; 0.8999999999999999; 0.0; -19.0; 10.1171875; -6.2998046875; 0.8609374999999999; 0.0; -0.9375; 10.5517578125; -5.15625; 0.19999999999999998; 0.0
491; -14.75; 11.25; -13.34375; 0.8999999999999999; 0.0; -19.0; 10.1171875; -6.34375; 0.8605468749999999; 0.0; -0.9375; 10.5517578125; -5.15625; 0.19999999999999998; 0.0
492; -14.75; 11.25; -13.34375; 0.8999999999999999; 0.0; -19.0; 10.1171875; -6.34375; 0.8613281249999999; 0.0; -0.9375; 10.5517578125; -5.15625; 0.19999999999999998; 0.0
493; -14.75; 11.25; -13.34375; 0.8999999999999999; 0.0; -19.0; 10.1171875; -6.34375; 0.8609374999999999; 0.0; -0.9814453125; 10.5517578125; -5.15625; 0.19999999999999998; 0.0
494; -14.75; 11.25; -13.34375; 0.8999999999999999; 0.0; -19.0; 10.1171875; -6.34375; 0.8609374999999999; 0.0; -0.8935546875; 10.5517578125; -5.15625; 0.19999999999999998; 0.0
495; -14.75; 11.25; -13.34375; 0.8999999999999999; 0.0; -19.0; 10.1171875; -6.34375; 0.8609374999999999; 0.0; -0.9375; 10.533447265625; -5.15625; 0.19999999999999998; 0.0
496; -14.75; 11.25; -13.34375; 0.8999999999999999; 0.0; -19.0; 10.1171875; -6.34375; 0.8609374999999999; 0.0; -0.9375; 10.570068359375; -5.15625; 0.19999999999999998; 0.0
497; -14.75; 11.25; -13.34375; 0.8999999999999999; 0.0; -19.0; 10.1171875; -6.34375; 0.8609374999999999; 0.0; -0.9375; 10.5517578125; -5.2001953125; 0.19999999999999998; 0.0
498; -14.75; 11.25; -13.34375; 0.8999999999999999; 0.0; -19.0; 10.1171875; -6.34375; 0.8609374999999999; 0.0; -0.9375; 10.5517578125; -5.1123046875; 0.19999999999999998; 0.0
499; -14.75; 11.25; -13.34375; 0.8999999999999999; 0.0; -19.0; 10.1171875; -6.34375; 0.8609374999999999; 0.0; -0.9375; 10.5517578125; -5.15625; 0.19960937499999998; 0.0
500; -14.75; 11.25; -13.34375; 0.8999999999999999; 0.0; -19.0; 10.1171875; -6.34375; 0.8609374999999999; 0.0; -0.9375; 10.5517578125; -5.15625; 0.200390625; 0.0
501; -14.77197265625; 11.25; -13.34375; 0.8999999999999999; 0.0; -19.0; 10.1171875; -6.34375; 0.8609374999999999; 0.0; -0.9375; 10.5517578125; -5.15625; 0.19999999999999998; 0.0
502; -14.72802734375; 11.25; -13.34375; 0.8999999999999999; 0.0; -19.0; 10.1171875; -6.34375; 0.8609374999999999; 0.0; -0.9375; 10.5517578125; -5.15625; 0.19999999999999998; 0.0
503; -14.75; 11.2457275390625; -13.34375; 0.8999999999999999; 0.0; -19.0; 10.1171875; -6.34375; 0.8609374999999999; 0.0; -0.9375; 10.5517578125; -5.15625; 0.19999999999999998; 0.0
504; -14.75; 11.2542724609375; -13.34375; 0.8999999999999999; 0.0; -19.0; 10.1171875; -6.34375; 0.8609374999999999; 0.0; -0.9375; 10.5517578125; -5.15625; 0.19999999999999998; 0.0
505; -14.75; 11.25; -13.36572265625; 0.8999999999999999; 0.0; -19.0; 10.1171875; -6.34375; 0.8609374999999999; 0.0; -0.9375; 10.5517578125; -5.15625; 0.19999999999999998; 0.0
506; -14.75; 11.25; -13.32177734375; 0.8999999999999999; 0.0; -19.0; 10.1171875; -6.34375; 0.8609374999999999; 0.0; -0.9375; 10.5517578125; -5.15625; 0.19999999999999998; 0.0
507; -14.75; 11.25; -13.34375; 0.8998046874999999; 0.0; -19.0; 10.1171875; -6.34375; 0.8609374999999999; 0.0; -0.9375; 10.5517578125; -5.15625; 0.19999999999999998; 0.0
508; -14.75; 11.25; -13.34375; 0.8999999999999999; 0.0; -19.02197265625; 10.1171875; -6.34375; 0.8609374999999999; 0.0; -0.9375; 10.5517578125; -5.15625; 0.19999999999999998; 0.0
509; -14.75; 11.25; -13.34375; 0.8999999999999999; 0.0; -18.97802734375; 10.1171875; -6.34375; 0.8609374999999999; 0.0; -0.9375; 10.5517578125; -5.15625; 0.19999999999999998; 0.0
510; -14.75; 11.25; -13.34375; 0.8999999999999999; 0.0; -19.0; 10.1104736328125; -6.34375; 0.8609374999999999; 0.0; -0.9375; 10.5517578125; -5.15625; 0.19999999999999998; 0.0
511; -14.75; 11.25; -13.34375; 0.8999999999999999; 0.0; -19.0; 10.1239013671875; -6.34375; 0.8609374999999999; 0.0; -0.9375; 10.5517578125; -5.15625; 0.19999999999999998; 0.0
512; -14.75; 11.25; -13.34375; 0.8999999999999999; 0.0; -19.0; 10.1171875; -6.36572265625; 0.8609374999999999; 0.0; -0.9375; 10.5517578125; -5.15625; 0.19999999999999998; 0.0
513; -14.75; 11.25; -13.34375; 0.8999999999999999; 0.0; -19.0; 10.1171875; -6.32177734375; 0.8609374999999999; 0.0; -0.9375; 10.5517578125; -5.15625; 0.19999999999999998; 0.0
514; -14.75; 11.25; -13.34375; 0.8999999999999999; 0.0; -19.0; 10.1171875; -6.34375; 0.8607421874999999; 0.0; -0.9375; 10.5517578125; -5.15625; 0.19999999999999998; 0.0
515; -14.75; 11.25; -13.34375; 0.8999999999999999; 0.0; -19.0; 10.1171875; -6.34375; 0.8611328125; 0.0; -0.9375; 10.5517578125; -5.15625; 0.19999999999999998; 0.0
516; -14.75; 11.25; -13.34375; 0.8999999999999999; 0.0; -19.0; 10.1171875; -6.34375; 0.8609374999999999; 0.0; -0.95947265625; 10.5517578125; -5.15625; 0.19999999999999998; 0.0
517; -14.75; 11.25; -13.34375; 0.8999999999999999; 0.0; -19.0; 10.1171875; -6.34375; 0.8609374999999999; 0.0; -0.91552734375; 10.5517578125; -5.15625; 0.19999999999999998; 0.0
518; -14.75; 11.25; -13.34375; 0.8999999999999999; 0.0; -19.0; 10.1171875; -6.34375; 0.8609374999999999; 0.0; -0.9375; 10.5426025390625; -5.15625; 0.19999999999999998; 0.0
519; -14.75; 11.25; -13.34375; 0.8999999999999999; 0.0; -19.0; 10.1171875; -6.34375; 0.8609374999999999; 0.0; -0.9375; 10.5609130859375; -5.15625; 0.19999999999999998; 0.0
520; -14.75; 11.25; -13.34375; 0.8999999999999999; 0.0; -19.0; 10.1171875; -6.34375; 0.8609374999999999; 0.0; -0.9375; 10.5517578125; -5.17822265625; 0.19999999999999998; 0.0
521; -14.75; 11.25; -13.34375; 0.8999999999999999; 0.0; -19.0; 10.1171875; -6.34375; 0.8609374999999999; 0.0; -0.9375; 10.5517578125; -5.13427734375; 0.19999999999999998; 0.0
522; -14.75; 11.25; -13.34375; 0.8999999999999999; 0.0; -19.0; 10.1171875; -6.34375; 0.8609374999999999; 0.0; -0.9375; 10.5517578125; -5.15625; 0.1998046875; 0.0
523; -14.75; 11.25; -13.34375; 0.8999999999999999; 0.0; -19.0; 10.1171875; -6.34375; 0.8609374999999999; 0.0; -0.9375; 10.5517578125; -5.15625; 0.20019531249999997; 0.0
524; -14.760986328125; 11.25; -13.34375; 0.8999999999999999; 0.0; -19.0; 10.1171875; -6.34375; 0.8609374999999999; 0.0; -0.9375; 10.5517578125; -5.15625; 0.19999999999999998; 0.0
525; -14.739013671875; 11.25; -13.34375; 0.8999999999999999; 0.0; -19.0; 10.1171875; -6.34375; 0.8609374999999999; 0.0; -0.9375; 10.5517578125; -5.15625; 0.19999999999999998; 0.0
526; -14.75; 11.24786376953125; -13.34375; 0.8999999999999999; 0.0; -19.0; 10.1171875; -6.34375; 0.8609374999999999; 0.0; -0.9375; 10.5517578125; -5.15625; 0.19999999999999998; 0.0
527; -14.75; 11.25213623046875; -13.34375; 0.8999999999999999; 0.0; -19.0; 10.1171875; -6.34375; 0.8609374999999999; 0.0; -0.9375; 10.5517578125; -5.15625; 0.19999999999999998; 0.0
528; -14.75; 11.25; -13.354736328125; 0.8999999999999999; 0.0; -19.0; 10.1171875; -6.34375; 0.8609374999999999; 0.0; -0.9375; 10.5517578125; -5.15625; 0.19999999999999998; 0.0
529; -14.75; 11.25; -13.332763671875; 0.8999999999999999; 0.0; -19.0; 10.1171875; -6.34375; 0.8609374999999999; 0.0; -0.9375; 10.5517578125; -5.15625; 0.19999999999999998; 0.0
530; -14.75; 11.25; -13.34375; 0.8999023437499999; 0.0; -19.0; 10.1171875; -6.34375; 0.8609374999999999; 0.0; -0.9375; 10.5517578125; -5.15625; 0.19999999999999998; 0.0
531; -14.75; 11.25; -13.34375; 0.8999999999999999; 0.0; -19.010986328125; 10.1171875; -6.34375; 0.8609374999999999; 0.0; -0.9375; 10.5517578125; -5.15625; 0.19999999999999998; 0.0
532; -14.75; 11.25; -13.34375; 0.8999999999999999; 0.0; -18.989013671875; 10.1171875; -6.34375; 0.8609374999999999; 0.0; -0.9375; 10.5517578125; -5.15625; 0.19999999999999998; 0.0
533; -14.75; 11.25; -13.34375; 0.8999999999999999; 0.0; -19.0; 10.11383056640625; -6.34375; 0.8609374999999999; 0.0; -0.9375; 10.5517578125; -5.15625; 0.19999999999999998; 0.0
534; -14.75; 11.25; -13.34375; 0.8999999999999999; 0.0; -19.0; 10.12054443359375; -6.34375; 0.8609374999999999; 0.0; -0.9375; 10.5517578125; -5.15625; 0.19999999999999998; 0.0
535; -14.75; 11.25; -13.34375; 0.8999999999999999; 0.0; -19.0; 10.1171875; -6.354736328125; 0.8609374999999999; 0.0; -0.9375; 10.5517578125; -5.15625; 0.19999999999999998; 0.0
536; -14.75; 11.25; -13.34375; 0.8999999999999999; 0.0; -19.0; 10.1171875; -6.332763671875; 0.8609374999999999; 0.0; -0.9375; 10.5517578125; -5.15625; 0.19999999999999998; 0.0
537; -14.75; 11.25; -13.34375; 0.8999999999999999; 0.0; -19.0; 10.1171875; -6.34375; 0.8608398437499999; 0.0; -0.9375; 10.5517578125; -5.15625; 0.19999999999999998; 0.0
538; -14.75; 11.25; -13.34375; 0.8999999999999999; 0.0; -19.0; 10.1171875; -6.34375; 0.8610351562499999; 0.0; -0.9375; 10.5517578125; -5.15625; 0.19999999999999998; 0.0
539; -14.75; 11.25; -13.34375; 0.8999999999999999; 0.0; -19.0; 10.1171875; -6.34375; 0.8609374999999999; 0.0; -0.948486328125; 10.5517578125; -5.15625; 0.19999999999999998; 0.0
540; -14.75; 11.25; -13.34375; 0.8999999999999999; 0.0; -19.0; 10.1171875; -6.34375; 0.8609374999999999; 0.0; -0.926513671875; 10.5517578125; -5.15625; 0.19999999999999998; 0.0
541; -14.75; 11.25; -13.34375; 0.8999999999999999; 0.0; -19.0; 10.1171875; -6.34375; 0.8609374999999999; 0.0; -0.9375; 10.54718017578125; -5.15625; 0.19999999999999998; 0.0
542; -14.75; 11.25; -13.34375; 0.8999999999999999; 0.0; -19.0; 10.1171875; -6.34375; 0.8609374999999999; 0.0; -0.9375; 10.55633544921875; -5.15625; 0.19999999999999998; 0.0
543; -14.75; 11.25; -13.34375; 0.8999999999999999; 0.0; -19.0; 10.1171875; -6.34375; 0.8609374999999999; 0.0; -0.9375; 10.5517578125; -5.167236328125; 0.19999999999999998; 0.0
544; -14.75; 11.25; -13.34375; 0.8999999999999999; 0.0; -19.0; 10.1171875; -6.34375; 0.8609374999999999; 0.0; -0.9375; 10.5517578125; -5.145263671875; 0.19999999999999998; 0.0
545; -14.75; 11.25; -13.34375; 0.8999999999999999; 0.0; -19.0; 10.1171875; -6.34375; 0.8609374999999999; 0.0; -0.9375; 10.5517578125; -5.15625; 0.19990234375; 0.0
546; -14.75; 11.25; -13.34375; 0.8999999999999999; 0.0; -19.0; 10.1171875; -6.34375; 0.8609374999999999; 0.0; -0.9375; 10.5517578125; -5.15625; 0.20009765624999998; 0.0
547; -14.7554931640625; 11.25; -13.34375; 0.8999999999999999; 0.0; -19.0; 10.1171875; -6.34375; 0.8609374999999999; 0.0; -0.9375; 10.5517578125; -5.15625; 0.19999999999999998; 0.0
548; -14.7445068359375; 11.25; -13.34375; 0.8999999999999999; 0.0; -19.0; 10.1171875; -6.34375; 0.8609374999999999; 0.0; -0.9375; 10.5517578125; -5.15625; 0.19999999999999998; 0.0
549; -14.75; 11.248931884765625; -13.34375; 0.8999999999999999; 0.0; -19.0; 10.1171875; -6.34375; 0.8609374999999999; 0.0; -0.9375; 10.5517578125; -5.15625; 0.19999999999999998; 0.0
550; -14.75; 11.251068115234375; -13.34375; 0.8999999999999999; 0.0; -19.0; 10.1171875; -6.34375; 0.8609374999999999; 0.0; -0.9375; 10.5517578125; -5.15625; 0.19999999999999998; 0.0
551; -14.75; 11.25; -13.3492431640625; 0.8999999999999999; 0.0; -19.0; 10.1171875; -6.34375; 0.8609374999999999; 0.0; -0.9375; 10.5517578125; -5.15625; 0.19999999999999998; 0.0
552; -14.75; 11.25; -13.3382568359375; 0.8999999999999999; 0.0; -19.0; 10.1171875; -6.34375; 0.8609374999999999; 0.0; -0.9375; 10.5517578125; -5.15625; 0.19999999999999998; 0.0
553; -14.75; 11.25; -13.34375; 0.899951171875; 0.0; -19.0; 10.1171875; -6.34375; 0.8609374999999999; 0.0; -0.9375; 10.5517578125; -5.15625; 0.19999999999999998; 0.0
554; -14.75; 11.25; -13.34375; 0.8999999999999999; 0.0; -19.0054931640625; 10.1171875; -6.34375; 0.8609374999999999; 0.0; -0.9375; 10.5517578125; -5.15625; 0.19999999999999998; 0.0
555; -14.75; 11.25; -13.34375; 0.8999999999999999; 0.0; -18.9945068359375; 10.1171875; -6.34375; 0.8609374999999999; 0.0; -0.9375; 10.5517578125; -5.15625; 0.19999999999999998; 0.0
556; -14.75; 11.25; -13.34375; 0.8999999999999999; 0.0; -19.0; 10.115509033203125; -6.34375; 0.8609374999999999; 0.0; -0.9375; 10.5517578125; -5.15625; 0.19999999999999998; 0.0
557; -14.75; 11.25; -13.34375; 0.8999999999999999; 0.0; -19.0; 10.118865966796875; -6.34375; 0.8609374999999999; 0.0; -0.9375; 10.5517578125; -5.15625; 0.19999999999999998; 0.0
558; -14.75; 11.25; -13.34375; 0.8999999999999999; 0.0; -19.0; 10.1171875; -6.3492431640625; 0.8609374999999999; 0.0; -0.9375; 10.5517578125; -5.15625; 0.19999999999999998; 0.0
